Model files not found, creating them. This may take a few minutes...
Fold files created...
Model files created.
Accuracy for fold 0 is: 89.44895343870141
Accuracy for fold 1 is: 90.9466721785862
Accuracy for fold 2 is: 92.4615112369492
Accuracy for fold 3 is: 92.56693503089309
Accuracy for fold 4 is: 90.05580923389142
The overall accuracy is: 91.09597622380427

--- Confusion Matrix ---
	AV0	AJ0	PNX	NP0	EX0	PNQ	PNP	ITJ	VM0	ZZ0	VBN	PRF	PNI	CJS	CJT	PRP	ORD	AJC	VBZ	AVP	VBB	AVQ	VBG	VBD	VBI	DT0	UNC	AT0	VVZ	DPS	VVG	VVD	VHZ	VVB	VDN	VVN	NN0	NN1	VDZ	NN2	TO0	XX0	DTQ	VVI	VDD	VDB	VHN	VHI	VHG	AJS	VHD	VDI	VDG	VHB	CJC	CRD	PUN
AV0	842	16	0	0	1	0	1	0	0	0	0	4	2	21	3	34	1	4	0	5	1	3	0	1	0	23	0	7	3	0	0	0	0	1	1	0	0	6	0	0	1	0	0	1	0	1	0	1	1	0	0	0	0	0	1	0	0	
AJ0	21	1269	0	16	0	0	1	1	0	0	0	1	1	0	0	4	8	5	0	0	1	0	0	0	1	6	1	1	1	1	4	5	1	3	0	28	0	130	1	1	1	0	0	2	0	1	0	0	0	2	0	0	0	0	0	1	0	
PNX	0	0	63	0	0	0	0	0	2	0	0	0	1	0	0	0	0	0	0	0	0	0	0	0	0	3	0	0	0	0	0	1	0	0	0	2	0	0	0	0	0	0	1	0	0	0	0	0	0	0	0	0	1	0	1	4	0	
NP0	8	20	0	748	0	0	9	0	1	0	0	2	0	0	1	12	0	0	1	0	0	0	1	0	0	5	0	14	1	1	0	0	0	0	0	1	0	174	0	24	0	1	0	2	0	0	0	0	0	0	0	1	0	0	3	0	0	
EX0	10	0	0	3	76	0	0	0	0	0	0	0	0	0	0	0	0	0	0	0	0	0	0	0	0	0	0	0	0	0	0	0	0	0	0	0	0	0	0	0	0	0	0	0	0	0	0	0	0	0	0	0	0	0	0	0	0	
PNQ	0	0	0	0	1	165	1	0	0	0	0	0	0	0	0	0	0	0	0	0	0	0	0	0	0	0	0	0	0	1	0	0	0	0	0	0	0	1	0	0	0	0	0	0	0	0	0	0	0	0	0	0	0	0	0	0	0	
PNP	0	0	0	1	0	0	1111	0	2	0	1	0	0	0	0	0	0	0	0	0	7	0	0	0	0	0	0	1	0	8	0	0	0	7	0	1	1	4	0	2	0	0	0	0	0	0	1	0	0	0	1	0	0	1	0	0	0	
ITJ	1	0	0	2	0	0	0	0	0	0	0	0	0	0	0	1	0	0	0	0	0	0	0	0	0	0	0	1	0	0	0	0	0	0	0	0	0	2	0	0	0	0	0	0	0	0	0	0	0	0	0	0	0	0	0	0	0	
VM0	0	0	0	0	0	0	1	0	331	0	0	0	0	0	0	0	0	0	0	0	0	0	0	0	0	0	0	0	0	0	0	0	0	0	1	1	0	0	0	0	0	2	0	0	0	4	0	0	0	0	0	0	0	1	0	1	0	
ZZ0	0	0	0	0	0	0	0	0	0	0	0	0	0	0	0	0	0	0	0	0	0	0	0	0	0	0	0	1	0	0	0	0	0	0	0	0	0	1	0	0	1	0	0	0	0	0	0	0	0	0	0	0	0	0	0	0	0	
VBN	0	0	0	0	0	0	0	0	0	0	84	0	0	0	0	0	0	0	0	0	0	0	1	0	0	0	0	0	0	0	0	0	0	0	1	0	0	0	0	0	0	0	0	0	0	0	0	0	0	0	0	0	1	0	0	0	0	
PRF	3	0	0	0	0	0	0	0	0	0	0	909	0	0	0	0	0	0	0	0	0	0	0	0	0	0	0	0	0	0	0	0	0	0	0	0	0	0	0	0	0	0	0	0	0	0	0	0	0	0	0	0	0	0	0	0	0	
PNI	1	1	1	0	1	0	1	0	0	0	0	0	62	0	0	0	0	0	0	0	0	1	1	0	0	1	0	1	0	0	1	0	0	0	0	0	0	2	0	0	0	1	0	1	0	0	0	0	1	0	0	0	0	0	0	8	0	
CJS	13	0	0	0	0	0	0	0	0	0	0	0	0	213	0	27	0	1	0	0	0	8	0	0	0	0	0	0	0	0	0	0	0	0	0	2	0	2	0	1	0	0	2	0	0	0	0	0	0	0	0	0	0	0	1	0	0	
CJT	3	0	0	0	0	0	0	0	0	0	0	0	0	0	289	0	0	0	0	0	0	0	0	0	0	10	0	0	0	0	0	0	0	0	0	0	0	0	0	0	0	0	0	0	0	0	0	0	0	0	0	0	0	0	0	0	0	
PRP	21	1	0	0	0	0	0	1	0	0	1	0	0	17	1	2009	0	0	0	13	0	0	0	0	0	1	0	0	0	0	1	0	0	2	0	0	0	3	0	0	11	0	0	0	0	0	0	0	0	0	0	0	0	0	2	0	0	
ORD	1	0	0	1	0	0	1	0	0	0	0	0	0	0	0	0	36	1	0	0	0	0	0	0	0	1	0	0	0	0	0	0	0	0	0	0	1	3	0	0	1	0	0	0	0	0	0	0	0	0	0	0	0	0	0	0	0	
AJC	3	0	0	0	0	0	0	0	0	0	0	0	0	0	0	0	0	28	0	0	0	0	0	0	0	0	0	0	0	1	1	0	0	0	1	1	0	16	0	1	0	0	0	0	0	0	0	0	0	0	0	0	0	0	0	0	0	
VBZ	0	0	0	0	0	0	0	0	0	0	0	0	0	0	0	0	0	0	554	0	0	0	0	0	0	0	0	0	0	0	0	0	0	0	0	0	0	0	0	0	0	0	0	0	0	0	0	0	0	0	0	0	0	0	0	0	0	
AVP	1	0	0	0	0	0	0	0	0	0	0	0	0	0	0	8	0	0	0	120	0	0	0	0	0	0	0	0	0	0	0	0	0	0	0	1	0	1	0	0	0	0	0	0	0	0	0	0	0	0	0	0	0	0	0	0	0	
VBB	0	0	0	0	0	0	0	1	0	0	0	0	0	0	0	0	0	0	0	1	183	0	0	0	0	0	0	0	0	0	0	0	0	0	0	0	0	0	0	0	0	0	0	0	0	0	0	0	0	0	0	0	2	0	0	0	0	
AVQ	5	0	0	0	2	0	0	0	0	0	0	0	0	12	0	1	0	0	0	0	0	38	0	0	0	0	0	0	0	1	0	0	0	0	0	0	0	0	0	0	0	0	0	0	0	0	0	0	0	0	0	0	0	0	0	0	0	
VBG	0	0	0	1	0	0	0	0	0	0	0	0	0	0	0	0	0	0	0	0	0	0	13	0	0	0	0	0	0	0	2	1	0	0	0	0	0	4	0	0	0	1	0	0	0	0	0	0	0	0	0	0	0	1	0	0	0	
VBD	1	0	0	0	0	0	0	0	0	0	0	0	0	0	0	0	0	0	0	1	0	0	0	174	0	0	0	0	0	0	0	1	0	1	0	0	0	0	0	0	0	0	0	0	0	0	0	0	0	0	0	0	0	0	0	0	0	
VBI	0	0	0	0	0	0	0	0	0	0	0	0	0	0	0	0	0	0	0	0	0	0	0	0	254	0	0	0	0	0	0	0	0	0	0	0	0	0	0	0	0	0	0	0	0	0	0	0	0	0	0	1	0	0	0	0	0	
DT0	34	3	0	2	1	0	2	0	0	0	0	0	0	0	12	1	0	0	0	0	0	0	0	0	0	544	0	0	0	0	0	0	0	0	0	1	0	3	1	0	0	0	0	0	0	0	0	0	0	0	0	0	0	0	0	0	0	
UNC	0	0	0	2	0	0	0	0	0	0	0	0	0	0	0	1	0	0	0	0	0	0	0	0	0	0	5	0	0	0	0	0	0	0	0	0	0	6	0	1	0	0	0	0	0	0	0	0	0	0	0	0	0	0	0	0	0	
AT0	8	0	0	0	0	0	0	0	1	0	0	0	0	0	0	0	0	0	0	0	0	0	0	0	0	0	0	2384	0	0	0	0	0	0	0	0	0	0	0	0	0	0	0	0	0	0	0	0	0	0	0	0	0	0	0	0	0	
VVZ	2	0	0	1	1	1	0	0	1	0	0	0	0	0	0	0	0	0	2	0	0	0	0	0	0	0	0	1	381	0	0	0	0	0	0	1	2	0	0	59	0	0	0	0	1	1	0	0	0	0	0	0	0	0	0	0	0	
DPS	0	1	0	0	0	0	1	0	0	0	0	0	0	0	0	0	0	0	0	0	0	0	0	0	0	0	0	0	0	414	0	0	0	0	0	0	0	0	0	0	0	0	0	0	0	0	0	0	0	0	0	0	0	0	0	0	0	
VVG	0	27	1	0	0	0	0	0	0	0	0	0	0	0	0	7	0	1	0	0	0	0	0	0	1	0	0	0	0	0	162	0	0	0	0	0	0	35	0	0	1	0	0	0	0	0	0	0	0	0	0	0	0	0	0	0	0	
VVD	2	25	0	2	0	1	0	0	0	0	0	0	1	0	0	0	0	0	2	0	1	2	0	2	0	0	0	0	2	0	0	163	0	2	0	52	0	5	0	0	0	0	0	1	0	1	0	0	0	0	1	0	0	0	0	0	0	
VHZ	0	0	0	0	0	0	0	0	0	0	0	0	0	0	0	0	0	0	0	0	0	0	1	0	0	0	0	0	0	0	0	0	149	0	0	0	0	0	0	0	0	1	0	0	0	0	0	0	0	0	0	0	0	0	0	0	0	
VVB	4	12	0	3	1	0	1	0	1	0	0	5	0	1	1	13	1	0	1	3	0	0	0	0	0	2	1	0	2	0	0	2	1	118	0	2	0	19	0	0	0	0	0	52	0	1	0	0	0	0	0	0	0	0	0	0	0	
VDN	0	1	0	0	0	0	0	0	0	0	1	0	0	0	0	0	0	0	0	0	0	0	0	0	0	0	0	0	0	0	0	0	0	0	1	1	0	0	0	0	0	0	0	0	0	0	1	0	0	0	0	0	0	0	0	0	0	
VVN	0	24	0	0	0	0	0	1	1	0	4	0	2	0	0	0	0	0	0	1	0	1	1	0	0	0	0	0	0	0	0	17	0	1	6	571	0	6	1	1	0	0	0	0	0	0	1	0	0	0	0	0	1	0	0	0	0	
NN0	0	0	0	2	0	1	1	0	1	0	0	0	0	0	0	0	1	0	0	0	1	0	0	0	0	0	0	0	2	0	0	0	0	0	0	1	45	5	0	0	0	0	1	0	0	0	0	0	0	0	0	0	0	0	0	0	0	
NN1	11	76	1	79	5	1	9	1	1	1	0	5	0	1	0	19	0	0	0	2	0	0	2	0	1	3	3	6	0	0	2	1	0	6	1	2	3	3039	1	10	4	0	0	12	0	1	0	0	1	3	0	2	1	0	0	1	0	
VDZ	0	1	0	0	0	0	0	1	0	0	0	0	0	0	0	0	0	0	0	0	0	0	0	0	0	0	0	0	0	0	0	0	0	0	0	0	0	0	34	0	0	0	0	0	1	0	0	0	0	0	0	0	1	0	0	0	0	
NN2	6	2	0	5	1	0	10	0	1	1	0	0	1	0	0	1	0	0	0	0	1	0	0	0	0	1	0	0	30	2	0	0	0	0	0	0	1	6	2	1052	3	0	0	0	0	1	0	0	1	0	0	1	0	0	0	1	0	
TO0	0	0	0	0	0	0	1	0	0	0	0	0	0	0	0	64	0	0	0	0	0	0	0	0	0	0	0	0	0	0	0	0	0	0	0	0	0	0	0	1	423	0	0	0	0	0	0	0	0	0	0	0	0	0	0	0	0	
XX0	0	0	1	0	0	0	0	0	1	0	0	0	1	0	0	0	0	0	0	0	0	0	1	1	0	0	0	0	0	0	0	0	0	0	0	0	0	0	0	0	0	126	0	0	0	0	0	0	0	0	0	0	0	0	0	0	0	
DTQ	1	0	0	0	0	0	0	0	0	0	0	0	0	0	0	0	0	0	0	0	0	1	0	0	0	0	0	0	0	0	0	0	0	0	0	0	0	0	0	0	0	0	329	1	0	0	0	0	0	1	0	0	0	0	0	0	0	
VVI	6	4	0	4	0	0	2	0	0	0	0	0	0	0	1	5	0	0	0	0	0	0	0	0	1	1	0	0	0	0	0	1	0	32	0	3	0	59	0	0	0	1	0	419	0	0	1	0	0	0	0	7	0	0	0	0	0	
VDD	0	0	0	0	0	0	0	1	0	0	0	0	0	0	0	0	0	0	0	0	0	0	0	0	0	0	0	0	0	0	2	1	0	1	0	0	0	0	1	0	0	0	0	0	8	3	0	0	0	0	0	0	0	0	0	0	0	
VDB	0	0	0	0	0	0	0	0	0	0	0	0	0	0	0	0	0	0	0	0	1	0	0	0	0	0	0	0	0	0	0	0	0	0	0	0	0	0	0	0	1	1	0	1	0	39	0	0	0	0	0	0	0	0	0	0	0	
VHN	0	0	0	0	0	0	0	0	0	0	0	0	0	0	0	0	0	0	0	0	0	0	0	0	0	0	0	0	0	0	0	0	0	0	0	0	0	0	0	0	0	0	0	0	0	0	7	0	0	0	0	0	0	0	0	0	0	
VHI	0	0	0	0	0	0	0	0	0	0	0	0	0	0	0	0	0	0	0	0	0	0	0	0	1	0	0	0	0	0	0	0	0	0	0	0	0	0	0	0	0	1	0	0	0	0	0	56	0	0	0	0	0	2	0	0	0	
VHG	0	0	0	0	0	0	0	0	0	0	0	0	0	0	0	0	0	0	0	0	0	0	0	0	0	0	0	0	0	1	0	0	1	0	0	0	0	0	0	0	0	0	1	1	0	0	0	0	3	0	0	0	0	1	0	0	0	
AJS	1	0	0	0	0	0	0	0	0	0	0	0	0	0	0	0	1	0	0	0	0	0	0	0	0	0	0	0	0	1	0	0	0	0	0	0	0	5	0	0	0	0	0	0	0	0	0	0	1	5	0	0	0	0	0	0	0	
VHD	0	0	0	0	0	0	0	0	0	0	0	0	0	0	0	0	0	0	0	0	0	0	0	0	0	0	0	0	0	0	0	0	0	0	0	0	0	0	0	0	0	0	0	0	0	0	0	0	0	0	61	0	0	2	0	0	0	
VDI	0	0	0	0	0	0	0	0	0	0	0	0	0	0	0	0	0	0	0	0	0	0	0	0	0	0	0	0	0	0	0	0	0	0	0	0	0	0	0	0	0	0	0	1	0	0	0	0	0	0	0	15	0	0	0	0	0	
VDG	0	0	0	0	0	0	0	0	0	0	1	0	0	0	0	0	0	0	0	0	0	0	0	0	0	0	0	0	0	0	0	0	0	1	0	0	0	3	0	0	0	1	0	0	0	0	0	0	0	0	0	0	2	0	0	0	0	
VHB	0	0	0	0	0	0	0	0	0	0	0	0	0	1	0	0	0	0	0	0	0	0	0	0	0	0	0	0	0	0	0	1	0	0	0	0	0	0	0	0	0	0	0	0	0	2	0	7	0	0	1	0	1	55	0	0	0	
CJC	0	0	0	0	0	0	0	0	1	0	0	0	0	0	0	0	0	0	0	0	0	0	0	0	1	0	0	0	0	1	1	0	0	0	0	1	0	0	0	0	1	0	0	0	0	0	0	0	0	0	0	0	1	0	979	0	0	
CRD	0	0	1	2	0	0	2	0	1	0	0	0	4	0	0	0	0	0	0	1	0	0	1	0	0	0	0	4	0	0	0	0	0	0	0	0	0	10	0	7	0	0	1	0	1	0	0	0	0	0	0	0	0	0	0	122	0	
PUN	0	0	0	0	0	0	0	0	0	0	0	0	0	0	0	0	0	0	0	0	1	0	0	0	0	0	0	0	0	1	0	1	0	0	0	0	0	0	0	0	0	0	0	0	0	0	0	0	0	0	0	0	0	0	0	1	1025	

--- Corpus Tag Counts ---
AV0	1003
AJ0	1612
PNX	79
NP0	1077
EX0	89
PNQ	169
PNP	1149
ITJ	7
VM0	342
ZZ0	3
VBN	87
PRF	912
PNI	90
CJS	296
CJT	312
PRP	2099
ORD	46
AJC	52
VBZ	554
AVP	191
VBB	187
AVQ	71
VBG	23
VBD	178
VBI	255
DT0	633
UNC	15
AT0	2393
VVZ	471
DPS	416
VVG	264
VVD	308
VHZ	151
VVB	296
VDN	5
VVN	661
NN0	61
NN1	3473
VDZ	38
NN2	1151
TO0	489
XX0	131
DTQ	333
VVI	547
VDD	17
VDB	43
VHN	7
VHI	60
VHG	8
AJS	14
VHD	63
VDI	16
VDG	8
VHB	68
CJC	986
CRD	164
PUN	1029

--- Assigned Tag Counts ---
AV0	1002
AJ0	1465
PNX	68
NP0	867
EX0	89
PNQ	169
PNP	1150
ITJ	7
VM0	345
ZZ0	2
VBN	92
PRF	923
PNI	74
CJS	266
CJT	308
PRP	2196
ORD	48
AJC	39
VBZ	560
AVP	145
VBB	197
AVQ	53
VBG	21
VBD	178
VBI	259
DT0	601
UNC	9
AT0	2418
VVZ	422
DPS	433
VVG	176
VVD	194
VHZ	152
VVB	174
VDN	12
VVN	672
NN0	53
NN1	3538
VDZ	40
NN2	1154
TO0	447
XX0	136
DTQ	335
VVI	489
VDD	11
VDB	55
VHN	11
VHI	64
VHG	8
AJS	11
VHD	64
VDI	27
VDG	11
CJC	987
VHB	63
CRD	139
PUN	1025

--- Correct Tag Counts ---
AV0	842
AJ0	1269
PNX	63
NP0	748
EX0	76
PNQ	165
PNP	1111
VM0	331
VBN	84
PRF	909
PNI	62
CJS	213
CJT	289
PRP	2009
ORD	36
AJC	28
VBZ	554
AVP	120
VBB	183
AVQ	38
VBG	13
VBD	174
VBI	254
DT0	544
UNC	5
AT0	2384
VVZ	381
DPS	414
VVG	162
VVD	163
VHZ	149
VVB	118
VDN	1
VVN	571
NN0	45
NN1	3039
VDZ	34
NN2	1052
TO0	423
XX0	126
DTQ	329
VVI	419
VDD	8
VDB	39
VHN	7
VHI	56
VHG	3
AJS	5
VDI	15
VHD	61
VDG	2
CJC	979
VHB	55
CRD	122
PUN	1025

Tag	P	R	F

AV0	0.84032	0.83948	0.83990
AJ0	0.86621	0.78722	0.82483
PNX	0.92647	0.79747	0.85714
NP0	0.86275	0.69452	0.76955
EX0	0.85393	0.85393	0.85393
PNQ	0.97633	0.97633	0.97633
PNP	0.96609	0.96693	0.96651
ITJ	0.00000	0.00000	NaN
VM0	0.95942	0.96784	0.96361
ZZ0	0.00000	0.00000	NaN
VBN	0.91304	0.96552	0.93855
PRF	0.98483	0.99671	0.99074
PNI	0.83784	0.68889	0.75610
CJS	0.80075	0.71959	0.75801
CJT	0.93831	0.92628	0.93226
PRP	0.91485	0.95712	0.93551
ORD	0.75000	0.78261	0.76596
AJC	0.71795	0.53846	0.61538
VBZ	0.98929	1.00000	0.99461
AVP	0.82759	0.62827	0.71429
VBB	0.92893	0.97861	0.95313
AVQ	0.71698	0.53521	0.61290
VBG	0.61905	0.56522	0.59091
VBD	0.97753	0.97753	0.97753
VBI	0.98069	0.99608	0.98833
DT0	0.90516	0.85940	0.88169
UNC	0.55556	0.33333	0.41667
AT0	0.98594	0.99624	0.99106
VVZ	0.90284	0.80892	0.85330
DPS	0.95612	0.99519	0.97527
VVG	0.92045	0.61364	0.73636
VVD	0.84021	0.52922	0.64940
VHZ	0.98026	0.98675	0.98350
VVB	0.67816	0.39865	0.50213
VDN	0.08333	0.20000	0.11765
VVN	0.84970	0.86384	0.85671
NN0	0.84906	0.73770	0.78947
NN1	0.85896	0.87504	0.86692
VDZ	0.85000	0.89474	0.87179
NN2	0.91161	0.91399	0.91280
TO0	0.94631	0.86503	0.90385
XX0	0.92647	0.96183	0.94382
DTQ	0.98209	0.98799	0.98503
VVI	0.85685	0.76600	0.80888
VDD	0.72727	0.47059	0.57143
VDB	0.70909	0.90698	0.79592
VHN	0.63636	1.00000	0.77778
VHI	0.87500	0.93333	0.90323
VHG	0.37500	0.37500	0.37500
AJS	0.45455	0.35714	0.40000
VHD	0.95313	0.96825	0.96063
VDI	0.55556	0.93750	0.69767
VDG	0.18182	0.25000	0.21053
VHB	0.87302	0.80882	0.83969
CJC	0.99189	0.99290	0.99240
CRD	0.87770	0.74390	0.80528
PUN	1.00000	0.99611	0.99805
In progress...
