Model files not found, creating them. This may take a few minutes...
Fold files created...
Model files created.
Accuracy for fold 0 is: 85.99412340842312
Accuracy for fold 1 is: 92.16914643696163
Accuracy for fold 2 is: 92.04033679263756
Accuracy for fold 3 is: 92.4873677185623
Accuracy for fold 4 is: 92.76096089626198
The overall accuracy is: 91.0903870505693

--- Confusion Matrix ---
	AV0	AJ0	PNX	NP0	EX0	PNQ	PNP	ITJ	VM0	ZZ0	VBN	PRF	PNI	CJS	PRP	CJT	ORD	AJC	VBZ	AVP	VBB	AVQ	VBG	VBD	VBI	DT0	UNC	AT0	VVZ	DPS	VVG	VVD	VVB	VHZ	VDN	VVN	NN0	VDZ	NN1	NN2	TO0	XX0	VVI	DTQ	VDD	VDB	VHN	VHI	VHG	AJS	VHD	VDI	CJC	VHB	VDG	CRD	PUN
AV0	1622	31	0	9	0	0	1	0	0	0	0	4	3	35	77	3	0	9	0	7	0	1	0	0	0	47	0	14	2	0	0	0	1	0	0	0	0	0	24	4	1	0	2	1	0	1	0	0	0	0	0	0	1	0	0	0	0	
AJ0	37	2602	0	32	1	1	1	0	0	2	1	2	0	0	8	0	21	3	0	0	1	0	2	0	1	4	1	4	0	0	6	9	1	0	0	62	5	0	224	1	4	0	5	1	0	1	0	0	2	4	0	1	0	1	1	0	0	
PNX	1	0	124	0	0	0	1	1	1	0	0	0	3	0	0	0	0	0	0	0	0	0	0	0	0	2	0	0	0	0	0	0	0	0	1	3	0	0	0	0	0	0	0	1	0	0	0	0	0	0	0	0	0	0	1	6	0	
NP0	22	77	0	1327	1	0	31	0	0	1	0	3	0	2	28	1	2	1	5	1	0	0	3	1	0	3	3	25	10	7	2	4	5	2	0	2	7	0	573	56	1	0	12	0	0	0	0	0	0	0	0	1	2	0	1	1	0	
EX0	9	0	0	1	133	1	0	0	0	0	0	0	0	0	0	0	0	0	0	0	0	0	0	0	0	0	0	0	0	0	0	0	0	0	0	0	0	0	0	0	0	0	0	0	0	0	0	0	0	0	0	0	0	0	0	0	0	
PNQ	0	0	0	1	0	270	1	0	0	0	0	0	0	0	0	0	0	0	0	0	0	0	0	0	0	0	0	0	0	1	0	0	0	0	0	0	0	0	0	0	0	0	2	1	0	0	0	0	0	0	0	0	0	0	0	0	0	
PNP	1	0	0	0	0	0	1932	0	5	0	0	0	1	0	0	0	0	0	0	0	2	0	0	0	0	0	0	0	0	17	0	0	9	0	1	1	0	1	6	2	0	0	0	0	0	0	0	1	0	0	4	0	0	1	0	0	0	
ITJ	4	0	0	1	0	0	0	0	0	0	0	1	0	1	0	1	0	0	0	1	0	0	0	0	0	0	0	1	0	0	0	0	0	0	0	0	0	0	2	0	0	0	0	0	0	0	0	0	0	0	0	0	0	0	0	0	0	
VM0	0	0	0	0	0	0	0	0	625	0	0	0	0	0	0	0	0	0	0	0	0	0	0	0	0	0	0	0	0	0	0	2	0	0	0	3	0	0	4	0	0	5	0	0	0	5	0	0	0	0	0	0	0	0	0	0	0	
ZZ0	0	0	1	0	0	0	0	0	0	6	0	0	0	0	2	0	0	0	0	0	0	0	0	0	0	0	0	6	0	0	0	0	0	0	0	0	0	0	0	1	0	0	0	0	0	0	0	0	0	0	0	0	0	0	0	0	0	
VBN	0	0	0	0	0	0	0	0	0	0	168	0	0	0	0	0	0	0	0	0	0	0	0	0	0	0	0	0	0	0	0	0	0	0	0	0	0	0	0	0	0	0	0	0	0	0	0	0	0	0	0	0	0	0	1	0	0	
PRF	13	0	0	0	0	0	0	0	0	0	0	1817	0	0	0	0	0	0	0	0	0	0	0	0	0	0	0	0	0	0	0	0	0	0	0	0	0	0	0	0	0	0	0	0	0	1	0	0	0	0	0	0	0	0	0	0	0	
PNI	4	1	1	0	0	2	1	0	0	0	0	0	133	0	0	0	0	0	0	0	0	0	0	0	0	0	0	1	0	0	0	0	0	0	0	0	0	0	1	0	0	0	0	0	0	0	0	0	0	0	0	0	0	0	0	12	0	
CJS	28	0	0	0	0	0	0	0	0	0	0	0	0	415	47	0	0	0	0	0	0	11	0	0	0	0	0	0	0	0	1	4	0	0	0	0	0	0	3	0	0	0	0	0	0	0	0	0	0	0	0	0	1	0	0	0	0	
PRP	26	2	0	3	0	0	0	0	0	0	0	1	0	33	4060	0	0	0	0	24	0	0	0	0	0	4	0	0	0	0	1	0	1	0	0	1	0	0	0	0	25	0	0	1	0	0	0	0	0	0	0	0	2	0	1	0	0	
CJT	3	0	0	0	0	0	0	0	0	0	0	0	0	0	0	490	0	0	0	0	0	0	0	0	0	12	0	0	0	0	0	0	0	0	0	0	0	0	0	0	0	0	0	0	0	0	0	0	0	0	0	0	0	0	0	0	0	
ORD	1	0	0	2	0	0	1	0	0	0	0	0	0	0	0	0	105	1	0	0	0	0	1	0	0	0	0	0	0	0	0	0	0	0	0	0	0	0	6	0	0	0	0	0	0	0	0	0	0	0	1	0	1	0	0	0	0	
AJC	3	0	0	0	0	0	0	0	0	0	0	0	0	0	0	0	0	69	0	0	0	0	0	0	0	1	0	1	0	0	0	0	0	0	1	0	0	0	22	0	0	1	0	0	0	0	0	0	0	0	0	0	0	0	0	0	0	
VBZ	0	0	0	0	0	0	0	0	0	0	0	0	0	0	0	0	0	0	979	0	0	0	0	0	0	0	0	0	0	0	0	0	0	0	0	0	0	0	0	0	0	0	0	0	0	0	0	0	0	0	0	0	0	0	0	0	0	
AVP	4	0	0	0	0	0	0	0	0	0	0	0	0	0	10	0	0	0	0	218	0	0	0	0	0	0	0	1	0	0	0	0	0	0	0	1	0	0	3	0	0	0	0	0	0	0	0	0	0	0	0	0	0	0	0	0	0	
VBB	1	0	0	0	0	0	0	0	0	0	0	0	0	0	1	0	0	0	0	0	356	0	0	0	0	0	0	0	0	0	0	0	0	0	0	0	0	0	1	0	0	0	0	0	0	0	0	0	0	0	0	0	0	0	2	0	0	
AVQ	5	0	0	0	0	0	0	0	0	0	0	0	0	17	2	0	0	0	0	0	0	89	0	0	0	0	0	0	0	0	0	0	0	0	0	1	0	4	0	0	0	0	0	0	0	0	0	0	0	0	0	0	0	0	4	0	0	
VBG	0	0	0	0	0	0	0	0	0	0	0	0	0	0	1	0	0	0	0	0	1	0	32	0	0	0	0	0	0	0	0	0	0	0	0	0	0	0	11	0	0	1	0	0	0	0	0	0	0	0	0	0	0	0	0	0	0	
VBD	0	0	0	0	0	0	0	0	0	0	0	0	0	0	0	0	0	0	0	0	0	0	0	364	1	0	0	0	0	0	0	0	0	1	0	0	0	0	0	0	0	0	0	0	0	0	0	0	0	1	0	0	0	0	0	0	0	
VBI	0	0	0	0	0	1	0	0	0	0	0	0	0	0	0	0	0	0	0	0	2	0	0	0	463	0	0	0	0	0	0	0	0	0	0	0	0	0	0	0	0	0	1	0	0	0	0	0	0	0	0	0	0	0	0	0	0	
DT0	51	5	2	4	0	0	2	0	0	0	0	0	0	0	2	18	0	0	0	0	0	0	0	0	0	1039	0	0	0	1	0	0	0	0	0	1	0	2	2	0	0	1	0	0	1	0	0	0	0	0	0	0	0	0	0	0	0	
UNC	0	0	0	4	0	0	0	0	0	0	0	1	0	0	1	0	0	0	0	0	0	0	0	0	0	0	5	0	0	0	0	0	0	0	0	1	0	0	12	1	0	0	0	0	0	0	0	0	0	0	0	0	0	0	0	6	0	
AT0	16	0	1	0	2	0	0	0	1	1	0	0	0	0	0	0	0	0	0	0	0	0	0	0	0	0	0	4558	0	0	0	0	0	0	0	0	0	0	0	0	0	0	0	1	0	0	0	0	0	0	0	0	0	0	0	0	0	
VVZ	2	0	1	1	1	0	0	0	0	0	0	1	0	0	1	0	0	0	2	0	0	0	0	0	1	0	1	2	711	0	0	0	0	0	0	0	3	0	0	92	0	0	0	1	1	2	1	0	0	0	0	0	0	0	0	0	0	
DPS	0	0	1	0	0	0	7	0	0	0	0	0	0	0	0	0	0	0	1	0	0	0	0	0	0	0	0	0	0	786	0	0	0	0	0	0	0	0	1	0	0	0	0	0	0	0	0	0	0	0	0	0	0	0	0	0	0	
VVG	0	43	0	0	0	0	0	1	0	0	0	0	0	0	15	0	0	0	0	0	0	0	0	0	0	0	0	0	0	0	357	0	0	0	0	0	0	0	64	0	0	0	1	0	0	1	0	0	0	0	0	0	0	0	0	0	0	
VVD	2	30	0	3	1	0	0	0	0	1	0	2	0	2	1	0	0	0	2	0	1	1	0	0	0	0	1	0	2	1	0	343	5	1	0	101	0	1	9	0	0	0	1	0	0	1	1	0	1	0	1	0	0	0	0	0	0	
VVB	6	15	1	6	0	0	5	0	4	1	0	5	1	1	14	0	0	0	1	4	3	0	0	1	0	1	0	1	3	0	1	11	276	1	1	5	0	1	42	0	0	0	103	0	1	0	0	0	0	0	0	0	0	0	1	1	0	
VHZ	0	0	0	0	0	0	0	0	0	0	0	0	0	0	0	0	0	0	0	0	0	0	0	0	0	0	0	0	0	0	0	0	0	283	1	0	0	0	0	0	0	0	0	0	0	0	0	0	1	0	0	0	0	0	0	0	0	
VDN	0	0	0	0	0	0	0	0	0	1	2	0	0	0	1	0	0	0	0	0	0	0	0	0	0	0	0	0	0	0	0	1	0	0	6	4	0	0	0	0	0	0	0	0	0	0	0	0	0	0	0	0	0	0	0	0	0	
VVN	1	54	0	0	0	1	0	0	0	0	4	3	0	0	2	0	0	0	0	1	0	0	1	0	0	0	0	0	0	0	0	41	0	0	8	1221	1	0	7	0	1	0	4	0	0	0	5	0	0	0	0	0	0	0	2	0	0	
NN0	0	2	0	5	0	2	1	0	0	0	0	1	0	0	0	0	0	0	0	4	0	0	0	0	0	0	0	0	0	0	0	0	0	0	1	1	117	0	12	0	0	0	0	0	0	0	0	0	0	0	0	0	0	0	0	0	0	
VDZ	0	0	0	0	0	0	0	0	0	0	0	0	0	0	0	0	0	0	0	0	0	0	0	0	0	0	0	0	0	0	0	0	0	0	0	0	0	66	0	0	0	1	0	0	0	0	0	0	0	0	0	0	0	0	0	0	0	
NN1	42	145	2	167	6	1	29	0	6	3	1	8	0	0	23	0	5	2	4	6	6	0	3	0	2	9	3	14	0	1	4	2	23	1	3	8	0	4	6460	58	7	0	51	0	2	0	1	0	1	0	1	1	2	0	3	2	0	
NN2	4	2	1	14	1	0	9	0	1	3	0	0	0	0	2	1	0	0	0	1	0	0	0	0	0	1	1	0	51	0	0	0	0	0	4	1	1	1	35	2144	3	0	1	0	1	4	0	1	0	0	0	1	0	0	0	0	0	
TO0	0	0	0	0	0	0	0	0	0	0	0	0	0	0	79	0	0	0	0	0	0	0	0	0	0	0	0	0	0	0	0	0	0	0	0	0	0	0	1	0	867	0	0	0	0	0	0	0	0	0	0	0	0	0	0	0	0	
XX0	1	0	1	0	0	0	0	0	8	0	0	0	0	1	0	0	1	0	0	0	0	0	0	1	0	0	0	1	0	0	1	0	0	0	0	0	0	0	0	0	0	207	0	0	1	0	0	0	0	0	0	0	0	0	0	0	0	
VVI	12	6	0	3	0	0	1	0	0	0	0	0	1	0	1	2	0	0	0	0	0	0	0	0	3	2	0	2	0	0	0	1	46	0	0	4	1	0	80	0	0	0	868	0	0	2	0	2	2	0	0	25	1	1	0	1	0	
DTQ	1	0	0	0	0	0	0	0	0	0	0	0	0	0	0	0	0	0	0	0	0	0	0	0	0	0	1	0	0	0	0	0	0	0	0	1	0	0	0	0	0	0	0	607	0	2	0	0	1	0	0	0	0	0	0	0	0	
VDD	0	0	0	0	0	0	0	0	0	0	0	0	0	0	0	0	0	0	0	0	0	0	0	0	0	0	0	0	0	0	0	0	0	0	0	0	0	0	0	0	0	0	0	0	33	0	0	0	2	0	0	0	0	0	0	0	0	
VDB	0	0	0	0	0	0	2	0	0	0	0	0	0	0	0	0	0	0	0	0	0	0	0	0	0	0	0	0	0	1	0	0	0	0	0	0	0	1	0	0	0	0	0	0	0	62	0	0	0	0	0	4	0	0	0	0	0	
VHN	0	0	0	0	0	0	0	0	0	0	1	0	0	0	0	0	0	0	0	0	0	0	0	0	0	0	0	0	0	1	0	0	0	0	0	1	0	0	0	0	0	0	0	0	0	0	7	0	0	0	0	0	0	0	0	0	0	
VHI	0	0	0	0	0	0	0	0	0	0	0	0	0	0	0	0	0	0	0	0	0	0	0	0	0	0	0	0	0	0	0	0	0	0	0	0	0	0	0	0	0	0	0	0	1	0	0	112	0	0	0	0	0	2	0	0	0	
VHG	0	0	0	0	0	0	0	0	0	0	0	0	0	0	0	0	0	0	0	1	0	0	0	0	0	0	0	1	0	1	2	0	0	0	0	2	0	0	0	0	0	0	2	1	0	0	0	0	15	0	1	0	0	0	0	0	0	
AJS	2	0	0	0	0	0	0	0	0	0	0	0	0	0	0	0	0	0	0	0	0	0	0	0	0	0	0	0	0	1	0	0	0	0	0	0	0	0	14	0	0	0	0	0	0	0	0	0	0	15	0	0	0	0	0	1	0	
VHD	0	0	0	0	0	0	0	0	0	0	0	0	0	0	0	0	0	0	0	0	0	0	0	0	0	0	0	1	0	0	0	0	0	0	0	0	0	0	0	0	0	0	0	0	0	0	0	0	0	0	130	0	0	0	0	0	0	
VDI	0	0	0	0	0	0	0	0	0	0	0	0	0	0	0	0	0	0	0	0	0	0	0	0	0	0	0	0	0	0	0	0	0	0	0	0	0	0	0	0	0	0	1	0	0	4	0	0	0	0	0	29	0	0	0	0	0	
CJC	0	0	0	0	0	0	0	0	0	0	0	0	0	1	0	0	0	0	0	0	0	0	0	0	0	0	0	0	0	1	0	0	0	0	0	0	0	0	0	0	1	0	0	0	0	0	0	0	0	0	0	0	1926	0	1	0	0	
VHB	0	0	0	0	0	0	0	0	0	0	0	0	0	1	0	0	0	0	0	0	0	0	0	0	0	0	0	0	0	0	0	0	0	0	0	0	0	0	0	0	0	0	0	0	1	2	0	10	0	0	0	0	0	122	0	0	0	
VDG	0	0	0	0	0	0	0	0	0	0	0	0	0	0	0	0	0	0	0	0	0	0	0	0	0	0	0	0	0	0	0	0	0	0	0	2	0	0	5	0	0	1	0	0	0	0	0	0	0	0	0	0	0	0	6	0	0	
CRD	2	4	3	10	0	1	1	0	0	0	0	5	6	0	13	0	0	0	0	0	0	0	0	0	0	1	1	14	0	0	1	0	0	0	0	0	0	0	19	11	0	0	0	1	0	1	0	0	0	0	0	0	0	0	0	307	0	
PUN	0	0	0	0	0	0	0	0	0	0	0	1	0	0	0	0	0	1	0	0	0	0	0	0	0	0	1	0	0	0	0	0	0	0	0	1	0	0	0	0	0	0	0	0	0	0	0	0	0	0	0	0	1	0	0	0	2069	

--- Corpus Tag Counts ---
AJ0	3277
AV0	1926
PNX	145
NP0	2351
EX0	144
PNQ	276
PNP	1984
ITJ	12
VM0	644
ZZ0	16
VBN	169
PRF	1831
PNI	164
CJS	570
PRP	4213
CJT	520
ORD	119
AJC	98
VBZ	979
AVP	347
VBB	361
AVQ	142
VBG	46
VBD	367
VBI	467
DT0	1194
UNC	31
AT0	4580
VVZ	866
DPS	796
VVG	553
VVD	618
VVB	667
VHZ	285
VDN	15
VVN	1400
NN0	146
VDZ	67
NN1	7400
NN2	2330
TO0	947
XX0	223
VVI	1067
DTQ	613
VDD	35
VDB	70
VHN	10
VHI	115
VHG	26
AJS	33
VHD	131
VDI	34
CJC	1930
VHB	136
VDG	14
CRD	412
PUN	2074

--- Assigned Tag Counts ---
AJ0	2994
AV0	1916
PNX	137
NP0	1581
EX0	146
PNQ	279
PNP	2000
ITJ	2
VM0	647
ZZ0	18
VBN	177
PRF	1848
PNI	148
CJS	509
PRP	4377
CJT	516
ORD	134
AJC	86
VBZ	990
AVP	264
VBB	370
AVQ	102
VBG	42
VBD	367
VBI	470
DT0	1121
UNC	18
AT0	4641
VVZ	779
DPS	819
VVG	374
VVD	416
VVB	365
VHZ	289
VDN	27
VVN	1420
NN0	135
VDZ	80
NN1	7627
NN2	2364
TO0	910
XX0	217
VVI	1024
DTQ	616
VDD	42
VDB	87
VHN	15
VHI	126
VHG	25
AJS	20
VHD	138
VDI	62
CJC	1937
VDG	24
VHB	127
CRD	336
PUN	2069

--- Correct Tag Counts ---
AV0	1622
AJ0	2602
PNX	124
EX0	133
NP0	1327
PNQ	270
PNP	1932
VM0	625
ZZ0	6
PRF	1817
VBN	168
PNI	133
CJS	415
PRP	4060
CJT	490
ORD	105
AJC	69
VBZ	979
AVP	218
VBB	356
AVQ	89
VBG	32
VBD	364
VBI	463
DT0	1039
UNC	5
AT0	4558
VVZ	711
DPS	786
VVG	357
VVD	343
VVB	276
VHZ	283
VDN	6
NN0	117
VVN	1221
VDZ	66
NN1	6460
NN2	2144
TO0	867
XX0	207
DTQ	607
VVI	868
VDD	33
VDB	62
VHN	7
VHI	112
VHG	15
AJS	15
VHD	130
VDI	29
CJC	1926
VHB	122
VDG	6
CRD	307
PUN	2069

Tag	P	R	F

AJ0	0.86907	0.79402	0.82985
AV0	0.84656	0.84216	0.84435
PNX	0.90511	0.85517	0.87943
NP0	0.83934	0.56444	0.67497
EX0	0.91096	0.92361	0.91724
PNQ	0.96774	0.97826	0.97297
PNP	0.96600	0.97379	0.96988
ITJ	0.00000	0.00000	NaN
VM0	0.96600	0.97050	0.96824
ZZ0	0.33333	0.37500	0.35294
VBN	0.94915	0.99408	0.97110
PRF	0.98323	0.99235	0.98777
PNI	0.89865	0.81098	0.85256
CJS	0.81532	0.72807	0.76923
PRP	0.92758	0.96368	0.94529
CJT	0.94961	0.94231	0.94595
ORD	0.78358	0.88235	0.83004
AJC	0.80233	0.70408	0.75000
VBZ	0.98889	1.00000	0.99441
AVP	0.82576	0.62824	0.71358
VBB	0.96216	0.98615	0.97401
AVQ	0.87255	0.62676	0.72951
VBG	0.76190	0.69565	0.72727
VBD	0.99183	0.99183	0.99183
VBI	0.98511	0.99143	0.98826
DT0	0.92685	0.87018	0.89762
UNC	0.27778	0.16129	0.20408
AT0	0.98212	0.99520	0.98861
VVZ	0.91271	0.82102	0.86444
DPS	0.95971	0.98744	0.97337
VVG	0.95455	0.64557	0.77023
VVD	0.82452	0.55502	0.66344
VVB	0.75616	0.41379	0.53488
VHZ	0.97924	0.99298	0.98606
VDN	0.22222	0.40000	0.28571
VVN	0.85986	0.87214	0.86596
NN0	0.86667	0.80137	0.83274
VDZ	0.82500	0.98507	0.89796
NN1	0.84699	0.87297	0.85979
NN2	0.90694	0.92017	0.91351
TO0	0.95275	0.91552	0.93376
XX0	0.95392	0.92825	0.94091
VVI	0.84766	0.81350	0.83022
DTQ	0.98539	0.99021	0.98779
VDD	0.78571	0.94286	0.85714
VDB	0.71264	0.88571	0.78981
VHN	0.46667	0.70000	0.56000
VHI	0.88889	0.97391	0.92946
VHG	0.60000	0.57692	0.58824
AJS	0.75000	0.45455	0.56604
VHD	0.94203	0.99237	0.96654
VDI	0.46774	0.85294	0.60417
CJC	0.99432	0.99793	0.99612
VHB	0.96063	0.89706	0.92776
VDG	0.25000	0.42857	0.31579
CRD	0.91369	0.74515	0.82086
PUN	1.00000	0.99759	0.99879
In progress...
