Model files not found, creating them. This may take a few minutes...
Fold files created...
Model files created.
Accuracy for fold 0 is: 89.12987348308805
Accuracy for fold 1 is: 88.46408839779005
Accuracy for fold 2 is: 89.32065217391305
Accuracy for fold 3 is: 86.8765743073048
Accuracy for fold 4 is: 86.63129973474801
The overall accuracy is: 88.08449761936879

--- Confusion Matrix ---
	AV0	AJ0	PNX	NP0	EX0	PNQ	PNP	ITJ	VM0	ZZ0	PRF	VBN	PNI	CJS	CJT	PRP	ORD	AJC	VBZ	AVP	VBB	AVQ	VBG	VBD	VBI	DT0	UNC	AT0	VVZ	DPS	VVG	VVD	VVB	VHZ	VDN	VVN	NN0	NN1	VDZ	NN2	TO0	XX0	DTQ	VVI	VDD	VDB	VHI	VHG	AJS	VHD	VDI	VDG	CJC	VHB	CRD	PUN
AV0	609	16	0	3	2	2	1	0	1	1	1	1	1	13	1	41	1	1	0	2	0	0	1	0	1	23	0	4	0	0	0	1	1	0	0	4	0	22	0	4	0	0	0	0	2	1	1	0	0	2	0	0	2	1	1	0	
AJ0	17	1133	0	23	2	0	2	0	0	0	0	1	0	0	0	6	2	0	0	1	0	1	0	0	1	2	0	1	0	2	6	3	7	0	0	19	0	179	1	1	0	0	2	1	0	0	2	0	2	1	0	4	0	0	2	0	
PNX	0	0	2	1	0	0	0	0	0	0	1	0	0	0	0	0	0	0	0	1	0	0	0	0	0	3	0	0	1	0	0	0	0	0	0	0	0	2	0	2	0	0	0	0	0	0	0	1	0	0	0	0	0	0	0	0	
NP0	14	33	0	674	1	0	4	1	1	0	0	0	0	1	0	18	0	0	0	0	0	0	0	0	0	0	5	6	2	0	0	3	2	0	0	2	1	287	0	54	0	0	1	1	0	0	0	1	0	0	0	0	1	0	0	0	
EX0	5	0	0	0	43	0	0	0	0	0	0	0	0	0	0	0	0	0	0	0	0	0	0	0	0	0	0	0	0	0	0	0	0	0	0	0	0	0	0	0	0	0	0	0	0	0	0	0	0	0	0	0	0	0	0	0	
PNQ	0	0	0	0	0	29	1	0	0	0	0	0	0	0	0	0	0	0	0	0	0	0	0	0	0	0	0	0	0	0	0	0	0	0	0	0	0	1	0	0	0	0	0	0	0	0	0	0	0	0	0	0	0	0	0	0	
PNP	2	1	1	1	0	0	601	0	4	0	0	1	1	0	0	0	0	0	0	1	0	0	0	0	1	0	0	1	0	7	0	0	0	1	0	0	0	2	0	0	0	0	0	4	1	0	0	0	0	1	0	1	0	0	0	0	
ITJ	1	1	0	0	0	0	0	0	0	0	0	0	0	0	0	1	0	0	0	0	0	0	0	0	0	0	0	0	0	0	0	0	0	0	0	0	0	1	0	0	0	0	0	0	0	0	0	0	0	0	0	0	0	0	0	0	
VM0	0	0	1	1	0	0	0	0	208	0	0	0	0	1	0	0	0	0	0	0	1	0	0	0	1	0	0	0	0	0	0	0	0	0	0	5	0	1	0	0	0	3	1	0	2	0	0	0	0	0	0	0	0	0	0	0	
ZZ0	0	0	0	0	0	0	0	0	0	0	0	0	0	0	0	0	0	0	0	0	0	0	0	0	0	0	0	3	0	0	0	0	0	0	0	0	0	3	0	0	0	0	0	0	0	0	0	0	0	0	0	0	1	0	0	0	
PRF	1	0	0	0	0	0	0	0	0	0	535	0	0	0	0	0	0	0	0	0	0	0	0	0	0	0	0	0	0	0	0	0	0	0	0	0	0	0	0	0	0	0	0	0	0	0	0	0	0	0	0	0	0	0	0	0	
VBN	0	0	0	0	0	0	0	0	0	0	0	28	1	0	0	0	0	0	0	0	0	0	0	0	0	0	0	0	0	0	0	0	0	0	0	0	0	0	0	0	0	0	0	0	0	0	0	0	0	0	0	0	0	0	0	0	
PNI	0	0	0	1	2	0	1	0	0	0	0	0	22	0	0	1	0	1	0	0	0	0	0	0	0	0	0	0	0	0	0	0	0	0	1	1	0	2	0	0	0	1	0	0	0	0	0	0	0	0	0	0	0	0	2	0	
CJS	9	0	0	0	0	0	0	1	0	0	0	0	0	157	0	29	0	1	0	0	0	2	0	0	1	0	0	0	0	0	0	0	0	0	0	0	0	2	0	1	0	0	0	0	0	0	0	0	0	0	0	0	0	0	0	0	
CJT	1	0	0	0	0	0	0	0	0	0	0	0	0	0	88	0	0	0	0	0	0	0	0	0	0	9	0	0	0	0	0	0	0	0	0	0	0	0	0	0	0	0	0	0	0	0	0	0	0	0	0	0	0	0	0	0	
PRP	18	2	0	0	0	1	0	0	0	0	0	0	0	18	0	1609	0	0	0	8	0	1	0	0	0	1	0	0	0	0	0	0	2	1	0	0	0	7	0	1	11	0	0	0	0	1	1	0	1	0	0	0	2	0	0	0	
ORD	0	1	0	0	0	0	0	0	0	0	1	0	0	1	0	0	42	1	0	0	0	0	0	0	0	0	0	0	1	0	0	0	0	0	0	0	0	5	0	0	0	0	0	0	0	0	0	0	1	0	0	0	0	0	0	0	
AJC	6	1	0	0	0	0	0	0	0	0	0	0	0	0	0	0	1	14	0	0	0	0	0	0	0	1	1	0	0	0	0	0	0	0	0	0	0	15	0	0	0	0	0	0	0	0	0	0	0	0	0	0	0	0	0	0	
VBZ	0	0	0	0	0	0	0	0	0	0	0	0	0	0	0	0	0	0	265	0	0	0	0	0	0	0	0	0	0	0	0	0	0	0	0	0	0	0	0	0	0	0	0	0	0	2	0	0	0	0	0	0	0	0	0	0	
AVP	3	2	0	0	0	0	0	0	0	0	0	0	0	0	0	12	0	0	0	94	0	0	0	0	0	0	0	0	0	0	0	0	0	0	0	0	0	0	0	0	0	0	0	0	0	0	0	0	0	0	0	0	0	0	0	0	
VBB	0	0	1	0	0	0	0	0	0	0	0	0	0	0	0	0	0	0	0	0	149	0	0	0	2	0	0	0	0	0	1	0	0	0	0	0	0	0	0	0	0	0	1	0	0	0	0	1	0	0	0	0	0	0	0	0	
AVQ	0	0	0	0	1	0	0	1	0	0	0	0	0	6	1	0	0	0	0	0	0	15	0	0	0	0	0	0	0	0	0	1	0	0	0	0	0	0	2	1	0	0	1	0	0	0	0	0	0	0	0	0	0	0	1	0	
VBG	1	0	0	0	0	0	0	0	0	0	0	0	0	0	0	0	0	0	0	0	0	0	8	0	0	0	0	1	0	0	1	0	0	0	0	0	0	1	0	0	0	2	0	0	0	0	0	0	0	0	0	0	0	0	0	0	
VBD	0	0	1	0	0	0	0	0	0	0	0	0	0	0	0	0	0	0	0	0	0	0	0	82	0	0	0	0	0	0	0	0	0	0	0	1	0	0	3	1	0	0	0	0	0	0	0	0	0	0	0	0	0	0	0	0	
VBI	0	0	0	0	0	0	0	0	0	0	0	0	0	0	0	0	0	0	0	0	0	0	0	0	114	0	0	0	0	0	0	0	0	0	0	0	0	0	0	0	0	0	0	0	0	0	0	0	0	0	0	0	0	0	0	0	
DT0	21	2	0	1	1	2	1	0	0	0	0	0	2	0	3	4	0	1	0	1	0	0	0	0	0	309	0	0	0	0	0	0	0	0	0	0	0	3	0	0	0	0	0	0	0	0	0	0	0	0	0	0	0	0	0	0	
UNC	1	0	0	15	0	0	0	0	0	0	0	0	0	0	0	1	0	0	0	0	0	0	0	0	0	0	14	0	0	0	0	0	0	1	0	0	1	18	0	2	0	0	0	0	0	0	0	0	0	0	0	0	0	0	13	0	
AT0	4	0	0	0	1	0	0	0	0	0	0	0	0	0	0	0	0	0	0	0	0	0	0	0	0	0	0	1542	0	0	0	0	0	0	0	0	0	0	0	0	0	0	0	0	0	0	0	0	0	0	0	0	0	0	0	0	
VVZ	0	0	0	2	1	0	0	0	0	0	0	0	0	0	0	0	0	0	0	1	0	0	0	0	0	0	0	0	252	0	0	0	0	0	0	0	0	0	0	50	1	0	0	0	0	0	0	0	0	0	0	0	0	2	0	0	
DPS	0	0	0	0	0	0	1	0	0	0	0	1	0	0	0	0	0	0	0	1	0	0	0	0	0	0	0	0	0	259	0	0	0	0	0	0	0	0	0	0	0	0	0	0	0	0	0	0	0	0	0	1	0	0	0	0	
VVG	0	9	0	0	0	0	0	1	0	0	0	0	0	0	0	1	0	0	0	0	0	0	0	0	0	0	0	0	0	0	184	0	0	0	0	0	0	59	0	0	0	0	0	0	0	0	0	0	0	0	0	0	0	0	0	0	
VVD	0	27	0	0	0	0	0	0	1	0	0	0	0	1	0	0	0	0	0	0	0	0	0	0	0	0	0	0	0	0	1	115	3	0	0	48	0	15	0	0	0	0	0	0	0	0	0	0	0	1	0	0	0	2	1	0	
VVB	4	15	0	6	4	0	0	2	1	0	2	0	1	2	0	6	0	0	2	1	3	2	0	1	0	1	0	1	0	0	1	3	152	0	1	3	0	36	0	0	0	0	0	36	0	1	0	1	0	1	0	0	2	0	1	0	
VHZ	0	0	0	0	0	0	0	0	0	0	0	0	0	0	0	0	0	0	0	0	0	0	0	0	0	0	0	0	0	0	0	0	0	77	0	0	0	0	1	0	0	0	0	0	0	0	0	0	0	0	0	0	0	0	0	0	
VDN	0	0	0	0	0	0	0	0	0	0	0	0	0	0	0	0	0	0	0	0	0	0	0	0	0	0	0	0	0	0	0	0	0	0	0	0	0	0	0	0	0	0	0	0	0	0	0	0	0	0	0	0	0	0	1	0	
VVN	1	36	0	1	0	0	0	0	0	0	0	6	0	0	0	1	0	0	0	0	0	0	0	0	0	0	0	1	0	0	0	20	2	0	0	332	0	9	0	0	0	2	1	0	0	0	1	0	0	0	0	1	0	0	0	0	
NN0	0	2	0	3	1	0	0	0	0	0	0	0	0	0	0	2	2	0	0	0	0	0	0	0	0	0	1	0	0	0	0	0	0	0	0	1	94	31	0	1	3	0	0	0	0	0	0	0	0	0	0	0	0	0	0	0	
NN1	10	85	0	117	3	1	4	3	1	0	0	1	0	2	0	12	3	2	1	1	1	0	0	0	0	2	1	3	1	1	13	1	15	0	0	7	0	3397	0	14	1	0	2	11	0	1	0	2	3	0	0	0	3	0	1	0	
VDZ	0	0	0	0	0	0	0	0	0	0	0	0	0	0	0	0	0	0	0	0	0	0	0	1	0	0	0	0	0	0	1	0	0	0	0	0	0	0	13	0	0	0	0	0	4	0	0	0	0	1	0	0	0	0	0	0	
NN2	1	0	0	30	3	0	0	0	2	0	0	0	0	0	0	3	0	0	0	0	0	0	0	1	0	0	0	0	23	1	0	0	1	0	0	0	0	13	1	1305	2	0	0	2	1	0	0	0	1	0	0	0	0	0	0	0	
TO0	0	0	0	0	0	0	0	0	0	0	0	0	0	0	0	42	0	0	0	0	0	0	0	0	0	0	0	0	0	0	0	0	0	0	0	0	0	0	0	0	248	0	0	0	0	0	0	0	0	0	0	0	0	0	0	0	
XX0	0	1	0	0	0	0	0	0	4	0	0	1	0	0	0	0	0	0	0	0	0	0	0	0	1	0	0	0	0	0	0	0	0	0	0	0	0	0	0	0	0	48	0	0	1	0	0	0	0	0	0	0	0	0	0	0	
DTQ	1	0	0	0	1	0	2	0	0	0	0	0	1	0	0	0	0	0	0	0	0	0	0	0	0	1	0	0	0	0	0	0	0	0	0	0	0	1	0	0	0	0	92	0	0	1	0	0	0	0	0	0	0	0	0	0	
VVI	2	6	0	0	0	0	0	0	0	0	0	0	0	0	0	2	1	0	0	0	0	0	0	0	6	0	0	1	0	0	0	0	18	0	0	0	0	43	0	0	0	0	0	311	0	1	7	1	0	0	9	0	0	0	0	0	
VDD	0	0	0	0	0	0	0	0	1	0	0	0	0	0	0	0	0	0	0	0	0	0	0	0	0	0	0	0	0	0	0	0	0	0	0	0	0	0	0	0	0	0	0	0	22	2	0	0	0	1	0	0	0	0	0	0	
VDB	0	0	0	0	0	0	0	0	0	0	0	0	0	0	0	0	0	0	0	0	0	0	0	0	0	0	0	0	0	0	0	0	0	0	0	0	0	0	0	0	0	0	0	0	0	37	0	0	0	0	1	0	0	0	0	0	
VHI	0	0	0	0	0	0	0	0	0	0	0	0	0	0	0	0	0	0	0	0	0	0	0	0	0	0	0	0	0	0	0	0	0	0	0	0	0	0	0	0	0	0	0	1	0	0	15	0	0	0	1	0	0	1	0	0	
VHG	1	0	0	0	0	0	0	0	0	0	0	1	0	0	0	0	0	0	0	0	0	1	1	0	0	0	0	0	0	0	0	0	0	0	0	0	0	0	0	0	0	0	0	0	0	0	0	0	0	0	0	0	0	0	0	0	
AJS	1	0	0	1	0	0	0	0	0	0	0	0	0	0	0	0	0	0	0	0	0	0	0	0	0	0	0	0	0	2	0	0	0	0	0	0	0	9	0	0	0	0	0	0	0	0	0	0	17	0	0	0	0	0	0	0	
VHD	0	0	0	0	0	0	0	0	0	0	1	0	0	1	0	0	0	0	0	0	0	0	0	0	0	0	0	0	0	0	0	0	0	0	0	0	0	0	1	0	0	0	0	0	2	0	0	0	0	10	0	0	0	1	0	0	
VDI	0	0	0	0	0	0	0	1	0	0	0	0	0	0	0	0	0	0	0	0	0	0	0	0	0	0	0	0	0	0	0	0	0	0	0	0	0	0	0	0	0	0	0	1	0	1	0	0	0	0	8	0	0	0	0	0	
VDG	0	0	0	0	0	0	0	0	0	0	0	0	0	0	0	0	0	1	0	0	0	0	0	0	0	0	0	0	0	0	0	0	0	0	0	0	0	0	0	0	0	1	0	0	0	0	0	0	0	0	0	3	0	0	0	0	
CJC	2	0	0	0	0	0	0	0	0	0	0	0	0	0	0	0	0	0	0	0	0	0	0	0	0	0	0	0	0	0	0	0	0	0	0	0	0	1	0	0	0	0	0	0	0	0	0	0	0	0	0	0	772	0	0	0	
VHB	0	0	0	0	0	0	0	0	0	0	0	1	0	0	0	1	0	0	1	0	0	0	0	0	0	1	0	0	0	0	0	0	0	0	0	0	0	0	0	0	0	0	0	0	0	0	2	0	0	0	0	0	0	33	0	0	
CRD	1	1	0	7	0	0	1	0	0	0	0	0	3	0	1	3	0	0	0	0	0	0	0	0	0	0	0	1	0	0	0	0	0	0	0	0	0	9	0	4	0	0	0	0	0	0	0	0	0	0	0	0	0	0	244	0	
PUN	0	0	1	0	0	1	0	0	1	0	1	0	0	2	0	0	0	0	1	0	0	0	0	0	0	0	0	0	0	0	0	0	0	0	0	1	0	1	0	0	0	0	0	0	0	0	0	0	0	0	0	0	0	1	0	1031	

--- Corpus Tag Counts ---
AV0	787
AJ0	1532
PNX	14
NP0	1224
EX0	48
PNQ	31
PNP	632
ITJ	4
VM0	225
ZZ0	7
PRF	536
VBN	29
PNI	39
CJS	216
CJT	98
PRP	1704
ORD	53
AJC	39
VBZ	267
AVP	157
VBB	155
AVQ	36
VBG	14
VBD	88
VBI	114
DT0	359
UNC	66
AT0	1547
VVZ	349
DPS	263
VVG	306
VVD	269
VVB	429
VHZ	78
VDN	1
VVN	438
NN0	141
NN1	3910
VDZ	20
NN2	1406
TO0	290
XX0	56
DTQ	100
VVI	408
VDD	26
VDB	38
VHI	18
VHG	4
AJS	30
VHD	16
VDI	11
VDG	5
CJC	775
VHB	39
CRD	275
PUN	1041

--- Assigned Tag Counts ---
AV0	730
AJ0	1349
PNX	7
NP0	873
EX0	64
PNQ	36
PNP	617
ITJ	9
VM0	225
ZZ0	1
VBN	42
PRF	542
PNI	32
CJS	204
CJT	94
PRP	1790
ORD	52
AJC	22
VBZ	270
AVP	111
VBB	153
AVQ	22
VBG	10
VBD	85
VBI	127
DT0	353
UNC	22
AT0	1565
VVZ	280
DPS	272
VVG	205
VVD	146
VVB	203
VHZ	80
VDN	2
VVN	418
NN0	96
VDZ	22
NN1	4155
NN2	1436
TO0	266
XX0	57
DTQ	100
VVI	365
VDD	35
VDB	48
VHI	28
VHG	6
AJS	25
VDI	19
VHD	17
CJC	782
VDG	10
VHB	41
CRD	266
PUN	1031

--- Correct Tag Counts ---
AV0	609
AJ0	1133
PNX	2
NP0	674
EX0	43
PNQ	29
PNP	601
VM0	208
PRF	535
VBN	28
PNI	22
CJS	157
CJT	88
PRP	1609
ORD	42
AJC	14
VBZ	265
AVP	94
VBB	149
AVQ	15
VBG	8
VBD	82
VBI	114
DT0	309
UNC	14
AT0	1542
VVZ	252
DPS	259
VVG	184
VVD	115
VVB	152
VHZ	77
VVN	332
NN0	94
NN1	3397
VDZ	13
NN2	1305
TO0	248
XX0	48
DTQ	92
VVI	311
VDD	22
VDB	37
VHI	15
AJS	17
VDI	8
VHD	10
VDG	3
CJC	772
VHB	33
CRD	244
PUN	1031

Tag	P	R	F

AV0	0.83425	0.77382	0.80290
AJ0	0.83988	0.73956	0.78653
PNX	0.28571	0.14286	0.19048
NP0	0.77205	0.55065	0.64282
EX0	0.67188	0.89583	0.76786
PNQ	0.80556	0.93548	0.86567
PNP	0.97407	0.95095	0.96237
ITJ	0.00000	0.00000	NaN
VM0	0.92444	0.92444	0.92444
ZZ0	0.00000	0.00000	NaN
PRF	0.98708	0.99813	0.99258
VBN	0.66667	0.96552	0.78873
PNI	0.68750	0.56410	0.61972
CJS	0.76961	0.72685	0.74762
CJT	0.93617	0.89796	0.91667
PRP	0.89888	0.94425	0.92101
ORD	0.80769	0.79245	0.80000
AJC	0.63636	0.35897	0.45902
VBZ	0.98148	0.99251	0.98696
AVP	0.84685	0.59873	0.70149
VBB	0.97386	0.96129	0.96753
AVQ	0.68182	0.41667	0.51724
VBG	0.80000	0.57143	0.66667
VBD	0.96471	0.93182	0.94798
VBI	0.89764	1.00000	0.94606
DT0	0.87535	0.86072	0.86798
UNC	0.63636	0.21212	0.31818
AT0	0.98530	0.99677	0.99100
VVZ	0.90000	0.72206	0.80127
DPS	0.95221	0.98479	0.96822
VVG	0.89756	0.60131	0.72016
VVD	0.78767	0.42751	0.55422
VVB	0.74877	0.35431	0.48101
VHZ	0.96250	0.98718	0.97468
VDN	0.00000	0.00000	NaN
VVN	0.79426	0.75799	0.77570
NN0	0.97917	0.66667	0.79325
NN1	0.81757	0.86880	0.84241
VDZ	0.59091	0.65000	0.61905
NN2	0.90877	0.92817	0.91837
TO0	0.93233	0.85517	0.89209
XX0	0.84211	0.85714	0.84956
DTQ	0.92000	0.92000	0.92000
VVI	0.85205	0.76225	0.80466
VDD	0.62857	0.84615	0.72131
VDB	0.77083	0.97368	0.86047
VHI	0.53571	0.83333	0.65217
VHG	0.00000	0.00000	NaN
AJS	0.68000	0.56667	0.61818
VHD	0.58824	0.62500	0.60606
VDI	0.42105	0.72727	0.53333
VDG	0.30000	0.60000	0.40000
CJC	0.98721	0.99613	0.99165
VHB	0.80488	0.84615	0.82500
CRD	0.91729	0.88727	0.90203
PUN	1.00000	0.99039	0.99517
In progress...
