Model files not found, creating them. This may take a few minutes...
Fold files created...
Model files created.
Accuracy for fold 0 is: 85.9818805093046
Accuracy for fold 1 is: 92.11041503523884
Accuracy for fold 2 is: 92.09907969453691
Accuracy for fold 3 is: 92.64944227285729
Accuracy for fold 4 is: 92.6532371000754
The overall accuracy is: 91.0988109224026

--- Confusion Matrix ---
	AV0	AJ0	PNX	NP0	EX0	PNQ	PNP	ITJ	VM0	ZZ0	VBN	PRF	PNI	CJS	PRP	CJT	ORD	AJC	VBZ	AVP	VBB	AVQ	VBG	VBD	VBI	DT0	UNC	AT0	VVZ	DPS	VVG	VVD	VVB	VHZ	VDN	VVN	NN0	VDZ	NN1	NN2	XX0	VVI	DTQ	VDD	VDB	VHN	VHI	VHG	AJS	VHD	VDI	CJC	VHB	VDG	CRD	PUN
AV0	1622	30	0	7	0	0	1	0	0	0	0	4	3	37	78	3	0	9	0	9	0	1	0	0	0	47	0	12	2	0	0	0	1	0	0	0	0	0	24	4	0	1	1	0	1	0	0	0	0	0	0	1	0	0	0	0	
AJ0	40	2611	0	32	1	1	1	1	0	2	1	2	0	0	11	0	20	3	0	0	1	0	2	0	0	4	1	4	0	0	6	9	1	0	0	61	0	0	219	1	0	10	1	0	1	0	1	2	4	0	0	0	1	1	0	0	
PNX	0	0	123	0	0	0	1	1	1	0	0	0	5	0	1	0	0	0	0	0	0	0	0	0	0	2	0	0	0	0	0	0	0	0	1	3	0	1	0	0	0	0	1	0	0	0	0	0	0	0	0	0	0	1	4	0	
NP0	19	78	0	1331	1	0	32	0	0	1	0	3	0	2	30	1	2	0	5	1	0	0	3	1	0	3	4	25	11	7	2	3	4	2	0	1	7	0	575	56	0	10	0	0	0	0	0	0	0	0	0	2	0	1	1	0	
EX0	9	0	0	1	133	1	0	0	0	0	0	0	0	0	0	0	0	0	0	0	0	0	0	0	0	0	0	0	0	0	0	0	0	0	0	0	0	0	0	0	0	0	0	0	0	0	0	0	0	0	0	0	0	0	0	0	
PNQ	0	0	0	1	0	272	1	0	0	0	0	0	0	0	0	0	0	0	0	0	0	0	0	0	0	0	0	0	0	0	0	0	0	0	0	0	0	0	0	0	0	0	1	0	0	0	0	0	0	0	1	0	0	0	0	0	
PNP	1	0	0	0	0	0	1931	0	5	0	0	0	1	0	2	0	0	0	0	0	2	0	0	0	0	0	0	0	0	17	0	0	9	0	1	1	0	1	5	2	0	0	0	0	0	0	1	0	0	4	0	0	1	0	0	0	
ITJ	3	0	0	1	0	0	0	0	0	0	0	1	0	1	1	1	0	0	0	1	0	0	0	0	0	0	0	1	0	0	0	0	0	0	0	0	0	0	2	0	0	0	0	0	0	0	0	0	0	0	0	0	0	0	0	0	
VM0	0	0	0	0	0	0	0	0	624	0	0	0	0	0	0	0	0	0	0	0	0	0	0	0	0	0	0	0	0	0	0	3	0	0	0	3	0	0	4	0	5	0	0	0	5	0	0	0	0	0	0	0	0	0	0	0	
ZZ0	0	0	1	0	0	0	0	0	0	6	0	0	0	0	3	0	0	0	0	0	0	0	0	0	0	0	0	6	0	0	0	0	0	0	0	0	0	0	0	0	0	0	0	0	0	0	0	0	0	0	0	0	0	0	0	0	
VBN	0	0	0	0	0	0	0	0	0	0	168	0	0	0	0	0	0	0	0	0	0	0	0	0	0	0	0	0	0	0	0	0	0	0	0	0	0	0	0	0	0	0	0	0	0	0	0	0	0	0	1	0	0	0	0	0	
PRF	12	0	0	0	0	0	0	0	0	0	0	1818	0	0	0	0	0	0	0	0	0	0	0	0	0	0	0	0	0	0	0	0	0	0	0	0	0	0	0	0	0	0	0	0	1	0	0	0	0	0	0	0	0	0	0	0	
PNI	4	1	2	0	0	2	1	0	0	0	0	0	131	0	0	0	0	0	0	0	0	0	0	0	0	0	0	1	0	0	0	0	0	0	0	0	0	0	1	0	0	1	0	0	0	0	0	0	0	0	0	0	0	0	12	0	
CJS	27	0	0	0	0	0	0	0	0	0	0	0	0	425	38	0	0	0	0	0	0	12	0	0	0	0	0	0	0	0	1	4	0	0	0	0	0	0	3	0	0	0	0	0	0	0	0	0	0	0	0	1	0	0	0	0	
PRP	25	2	0	3	0	0	0	0	0	0	0	1	0	59	5003	0	0	0	0	26	0	0	0	0	0	4	0	0	0	0	1	0	2	0	0	0	0	0	1	0	0	0	0	0	0	0	0	0	0	0	0	2	0	1	0	0	
CJT	3	0	0	0	0	0	0	0	0	0	0	0	0	0	0	491	0	0	0	0	0	0	0	0	0	12	0	0	0	0	0	0	0	0	0	0	0	0	0	0	0	0	0	0	0	0	0	0	0	0	0	0	0	0	0	0	
ORD	1	0	0	2	0	0	1	0	0	0	0	0	0	0	0	0	106	1	0	0	0	0	1	0	0	0	0	0	0	0	0	0	0	0	0	0	0	0	5	0	0	0	0	0	0	0	0	0	0	1	0	1	0	0	0	0	
AJC	4	0	0	0	0	0	0	0	0	0	0	0	0	0	0	0	0	69	0	0	0	0	0	0	0	1	0	1	0	0	0	0	0	0	0	0	0	0	22	0	1	0	0	0	0	0	0	0	0	0	0	0	0	0	0	0	
VBZ	0	0	0	0	0	0	0	0	0	0	0	0	0	0	0	0	0	0	979	0	0	0	0	0	0	0	0	0	0	0	0	0	0	0	0	0	0	0	0	0	0	0	0	0	0	0	0	0	0	0	0	0	0	0	0	0	
AVP	4	0	0	0	0	0	0	0	0	0	0	0	0	0	9	0	0	0	0	219	0	0	0	0	0	0	0	1	0	0	0	0	0	0	0	1	0	0	3	0	0	0	0	0	0	0	0	0	0	0	0	0	0	0	0	0	
VBB	1	0	0	0	0	0	0	0	0	0	0	0	0	1	0	0	0	0	0	0	356	0	0	0	0	0	0	0	0	0	0	0	0	0	0	0	0	0	1	0	0	0	0	0	0	0	0	0	0	0	0	0	0	2	0	0	
AVQ	6	0	0	0	0	0	0	0	0	0	0	0	0	17	1	0	0	0	0	0	0	90	0	0	0	0	0	0	0	0	0	0	0	0	0	1	0	4	0	0	0	0	0	0	0	0	0	0	0	0	0	0	0	4	0	0	
VBG	0	0	0	0	0	0	0	0	0	0	0	0	0	0	1	0	0	0	0	0	1	0	32	0	0	0	0	0	0	0	0	0	0	0	0	0	0	0	11	0	1	0	0	0	0	0	0	0	0	0	0	0	0	0	0	0	
VBD	0	0	0	0	0	0	0	0	0	0	0	0	0	0	0	0	0	0	0	0	0	0	0	364	1	0	0	0	0	0	0	0	0	1	0	0	0	0	0	0	0	0	0	0	0	0	0	0	1	0	0	0	0	0	0	0	
VBI	0	0	0	0	0	1	0	0	0	0	0	0	0	0	0	0	0	0	0	0	2	0	0	0	463	0	0	0	0	0	0	0	0	0	0	0	0	0	0	0	0	1	0	0	0	0	0	0	0	0	0	0	0	0	0	0	
DT0	52	5	2	4	0	0	2	0	0	0	0	0	0	0	2	18	0	0	0	0	0	0	0	0	0	1038	0	0	0	1	0	0	0	0	0	0	0	2	2	0	1	0	0	1	0	0	0	0	0	0	0	0	0	0	0	0	
UNC	0	0	0	4	0	0	0	0	0	0	0	1	0	0	2	0	0	0	0	0	0	0	0	0	0	0	5	0	0	0	0	0	0	0	0	1	0	0	10	1	0	1	0	0	0	0	0	0	0	0	0	0	0	0	6	0	
AT0	16	0	0	0	2	0	0	0	1	2	0	0	0	0	0	0	0	0	0	0	0	0	0	0	0	0	0	4557	0	0	0	0	0	0	0	0	0	0	0	0	0	0	1	0	0	0	0	0	0	0	1	0	0	0	0	0	
VVZ	2	0	1	0	1	0	0	0	0	0	0	1	0	0	2	0	0	0	2	0	0	0	0	0	1	0	0	2	714	0	0	0	0	0	0	0	3	0	0	90	0	1	0	1	2	1	0	0	0	0	0	0	0	0	0	0	
DPS	0	0	0	0	0	0	7	0	0	0	0	0	0	0	0	0	0	0	1	0	0	0	0	0	0	0	0	0	0	786	0	0	0	0	0	0	0	0	1	0	0	0	0	0	0	0	0	0	0	0	1	0	0	0	0	0	
VVG	0	45	0	0	0	0	0	1	0	0	0	0	0	0	15	0	0	0	0	0	0	0	0	0	0	0	0	0	0	0	355	0	0	0	0	0	0	1	64	0	0	0	0	0	1	0	0	0	0	0	0	0	0	0	0	0	
VVD	2	31	0	2	1	0	0	0	0	1	0	2	0	2	1	0	0	0	2	0	1	1	0	0	0	0	1	0	2	1	0	341	5	1	0	101	0	1	10	0	0	1	0	0	1	1	0	1	0	1	0	0	0	0	0	0	
VVB	7	15	2	6	0	0	5	0	3	2	0	5	1	1	16	0	0	1	1	3	3	0	0	0	0	1	0	1	4	0	1	11	274	1	1	4	0	1	39	0	0	110	0	1	0	0	0	0	0	0	0	0	0	1	1	0	
VHZ	0	0	0	0	0	0	0	0	0	0	0	0	0	0	0	0	0	0	0	0	0	0	0	0	0	0	0	0	0	0	0	0	0	283	1	0	0	0	0	0	0	0	0	0	0	0	0	1	0	0	0	0	0	0	0	0	
VDN	0	0	0	0	0	0	0	0	0	1	2	0	0	0	1	0	0	0	0	0	0	0	0	0	0	0	0	0	0	0	0	1	0	0	6	4	0	0	0	0	0	0	0	0	0	0	0	0	0	0	0	0	0	0	0	0	
VVN	1	55	0	0	0	1	0	0	1	0	4	3	0	0	2	0	0	0	0	1	0	0	1	0	0	0	0	0	0	0	0	41	0	0	7	1226	1	0	7	0	0	4	0	0	0	3	0	0	0	0	0	0	0	1	0	0	
NN0	0	2	0	5	0	2	1	0	0	0	0	1	0	0	1	0	0	0	0	1	0	0	0	0	0	0	0	0	0	0	0	0	0	0	1	0	119	0	12	0	0	0	0	0	0	0	0	0	0	0	0	0	0	1	0	0	
VDZ	0	0	0	0	0	0	0	0	0	0	0	0	0	0	0	0	0	0	0	0	0	0	0	0	0	0	0	0	0	0	0	0	0	0	0	0	0	66	0	0	1	0	0	0	0	0	0	0	0	0	0	0	0	0	0	0	
NN1	44	146	3	167	6	1	29	0	5	4	1	8	0	0	29	0	5	3	4	5	6	0	3	0	2	9	3	14	0	1	4	3	22	1	3	5	0	4	6426	58	0	81	0	2	3	0	0	1	0	1	1	2	0	3	1	0	
NN2	5	2	0	13	1	0	9	0	2	3	0	0	0	0	3	1	0	1	0	1	0	0	0	0	0	1	1	0	52	0	0	0	0	0	3	3	1	1	34	2143	1	0	0	1	4	0	1	0	0	0	1	0	0	0	0	0	
XX0	1	0	1	0	0	0	0	0	8	0	0	0	0	1	0	0	1	0	0	0	0	0	0	0	0	0	0	1	0	0	1	0	0	0	0	0	0	0	0	0	208	0	0	1	0	0	0	0	0	0	0	0	0	0	0	0	
VVI	12	15	0	7	0	0	1	0	0	0	0	0	1	0	1	2	0	0	0	0	0	0	0	0	1	4	0	2	0	0	0	1	60	0	0	4	1	0	140	0	0	801	0	0	1	0	0	3	0	0	6	1	1	0	2	0	
DTQ	1	0	0	0	0	0	0	0	0	0	0	0	0	0	0	0	0	0	0	0	0	0	0	0	0	0	1	0	0	0	0	0	0	0	0	1	0	0	0	0	0	0	607	0	2	0	0	1	0	0	0	0	0	0	0	0	
VDD	0	0	0	0	0	0	0	0	0	0	0	0	0	0	0	0	0	0	0	0	0	0	0	0	0	0	0	0	0	0	0	0	0	0	0	0	0	0	0	0	0	0	0	33	0	0	0	2	0	0	0	0	0	0	0	0	
VDB	0	0	0	0	0	0	0	0	0	0	0	0	0	0	2	0	0	0	0	0	0	0	0	0	0	0	0	0	0	0	0	0	0	0	0	0	0	1	0	0	0	0	0	0	61	0	0	0	0	0	6	0	0	0	0	0	
VHN	0	0	0	0	0	0	0	0	0	0	1	0	0	0	0	0	0	0	0	0	0	0	0	0	0	0	0	0	0	1	0	0	0	0	0	1	0	0	0	0	0	0	0	0	0	7	0	0	0	0	0	0	0	0	0	0	
VHI	0	0	0	0	0	0	0	0	0	0	0	0	0	0	0	0	0	0	0	0	0	0	0	0	0	0	0	0	0	0	0	0	0	0	0	0	0	0	0	0	0	0	0	1	0	0	112	0	0	0	0	0	2	0	0	0	
VHG	0	0	0	0	0	0	0	0	0	0	0	0	0	0	0	0	0	0	0	0	0	0	0	0	0	0	0	1	0	1	0	0	0	0	0	2	0	0	0	0	0	2	1	0	0	0	0	17	0	1	1	0	0	0	0	0	
AJS	2	0	0	0	0	0	0	0	0	0	0	0	0	0	0	0	0	0	0	0	0	0	0	0	0	0	0	0	0	1	0	0	0	0	0	0	0	0	14	0	0	0	0	0	0	0	0	0	15	0	0	0	0	0	1	0	
VHD	0	0	0	0	0	0	0	0	0	0	0	0	0	0	0	0	0	0	0	0	0	0	0	0	0	0	0	1	0	0	0	0	0	0	0	0	0	0	0	0	0	0	0	0	0	0	0	0	0	130	0	0	0	0	0	0	
VDI	0	0	0	0	0	0	0	0	0	0	0	0	0	0	0	0	0	0	0	0	0	0	0	0	0	0	0	0	0	0	0	0	0	0	0	0	0	0	0	0	0	1	0	0	4	0	0	0	0	0	29	0	0	0	0	0	
CJC	0	0	0	0	0	0	0	0	0	0	0	0	0	1	0	0	0	0	0	0	0	0	0	0	0	0	0	0	0	1	0	0	0	0	0	0	0	0	0	0	0	0	0	0	0	0	0	0	0	0	0	1927	0	1	0	0	
VHB	0	0	0	0	0	0	0	0	0	0	0	0	0	1	0	0	0	0	0	0	0	0	0	0	0	0	0	0	0	0	0	0	0	0	0	0	0	0	0	0	0	0	0	1	2	0	10	0	0	0	0	0	122	0	0	0	
VDG	0	0	0	0	0	0	0	0	0	0	0	0	0	0	0	0	0	0	0	0	0	0	0	0	0	0	0	0	0	0	0	0	0	0	0	1	0	0	5	0	1	0	0	0	0	0	0	0	0	0	0	0	0	7	0	0	
CRD	2	4	3	10	0	0	1	0	0	0	0	5	7	0	13	0	0	0	0	0	0	0	0	0	1	1	1	14	0	0	1	0	0	0	0	0	0	0	18	11	0	0	1	0	1	0	0	0	0	0	0	0	0	0	307	0	
PUN	0	0	0	0	0	0	0	0	0	0	0	1	0	0	0	0	0	1	0	0	0	0	0	0	0	0	0	0	0	0	0	0	0	0	0	1	0	0	0	0	0	0	0	0	0	0	0	0	0	0	0	1	0	0	0	2070	

--- Corpus Tag Counts ---
AJ0	3277
AV0	1926
PNX	145
NP0	2351
EX0	144
PNQ	276
PNP	1984
ITJ	12
VM0	644
ZZ0	16
VBN	169
PRF	1831
PNI	164
CJS	570
PRP	5160
CJT	520
ORD	119
AJC	98
VBZ	979
AVP	347
VBB	361
AVQ	142
VBG	46
VBD	367
VBI	467
DT0	1194
UNC	31
AT0	4580
VVZ	866
DPS	796
VVG	553
VVD	618
VVB	667
VHZ	285
VDN	15
VVN	1400
NN0	146
VDZ	67
NN1	7400
NN2	2330
XX0	223
VVI	1067
DTQ	613
VDD	35
VDB	70
VHN	10
VHI	115
VHG	26
AJS	33
VHD	131
VDI	34
CJC	1930
VHB	136
VDG	14
CRD	412
PUN	2074

--- Assigned Tag Counts ---
AJ0	3017
AV0	1917
PNX	135
NP0	1585
EX0	146
PNQ	280
PNP	1998
ITJ	3
VM0	647
ZZ0	20
PRF	1849
VBN	177
PNI	149
CJS	548
PRP	5251
CJT	517
ORD	134
AJC	87
VBZ	990
AVP	264
VBB	370
AVQ	104
VBG	42
VBD	365
VBI	469
DT0	1122
UNC	17
AT0	4638
VVZ	785
DPS	817
VVG	370
VVD	414
VVB	376
VHZ	289
VDN	24
VVN	1418
NN0	132
VDZ	82
NN1	7642
NN2	2360
XX0	219
VVI	993
DTQ	614
VDD	42
VDB	88
VHN	12
VHI	125
VHG	28
AJS	20
VHD	138
VDI	48
CJC	1938
VDG	24
VHB	127
CRD	334
PUN	2070

--- Correct Tag Counts ---
AV0	1622
AJ0	2611
PNX	123
EX0	133
NP0	1331
PNQ	272
PNP	1931
VM0	624
ZZ0	6
PRF	1818
VBN	168
PNI	131
CJS	425
PRP	5003
CJT	491
ORD	106
AJC	69
VBZ	979
AVP	219
VBB	356
AVQ	90
VBG	32
VBD	364
VBI	463
DT0	1038
UNC	5
AT0	4557
VVZ	714
DPS	786
VVG	355
VVD	341
VVB	274
VHZ	283
VDN	6
NN0	119
VVN	1226
VDZ	66
NN1	6426
NN2	2143
XX0	208
DTQ	607
VVI	801
VDD	33
VDB	61
VHN	7
VHI	112
VHG	17
AJS	15
VDI	29
VHD	130
CJC	1927
VHB	122
VDG	7
CRD	307
PUN	2070

Tag	P	R	F

AJ0	0.86543	0.79677	0.82968
AV0	0.84611	0.84216	0.84413
PNX	0.91111	0.84828	0.87857
NP0	0.83975	0.56614	0.67632
EX0	0.91096	0.92361	0.91724
PNQ	0.97143	0.98551	0.97842
PNP	0.96647	0.97329	0.96986
ITJ	0.00000	0.00000	NaN
VM0	0.96445	0.96894	0.96669
ZZ0	0.30000	0.37500	0.33333
VBN	0.94915	0.99408	0.97110
PRF	0.98323	0.99290	0.98804
PNI	0.87919	0.79878	0.83706
CJS	0.77555	0.74561	0.76029
PRP	0.95277	0.96957	0.96110
CJT	0.94971	0.94423	0.94696
ORD	0.79104	0.89076	0.83794
AJC	0.79310	0.70408	0.74595
VBZ	0.98889	1.00000	0.99441
AVP	0.82955	0.63112	0.71686
VBB	0.96216	0.98615	0.97401
AVQ	0.86538	0.63380	0.73171
VBG	0.76190	0.69565	0.72727
VBD	0.99726	0.99183	0.99454
VBI	0.98721	0.99143	0.98932
DT0	0.92513	0.86935	0.89637
UNC	0.29412	0.16129	0.20833
AT0	0.98254	0.99498	0.98872
VVZ	0.90955	0.82448	0.86493
DPS	0.96206	0.98744	0.97458
VVG	0.95946	0.64195	0.76923
VVD	0.82367	0.55178	0.66085
VVB	0.72872	0.41079	0.52541
VHZ	0.97924	0.99298	0.98606
VDN	0.25000	0.40000	0.30769
VVN	0.86460	0.87571	0.87012
NN0	0.90152	0.81507	0.85612
VDZ	0.80488	0.98507	0.88591
NN1	0.84088	0.86838	0.85441
NN2	0.90805	0.91974	0.91386
XX0	0.94977	0.93274	0.94118
VVI	0.80665	0.75070	0.77767
DTQ	0.98860	0.99021	0.98941
VDD	0.78571	0.94286	0.85714
VDB	0.69318	0.87143	0.77215
VHN	0.58333	0.70000	0.63636
VHI	0.89600	0.97391	0.93333
VHG	0.60714	0.65385	0.62963
AJS	0.75000	0.45455	0.56604
VHD	0.94203	0.99237	0.96654
VDI	0.60417	0.85294	0.70732
CJC	0.99432	0.99845	0.99638
VHB	0.96063	0.89706	0.92776
VDG	0.29167	0.50000	0.36842
CRD	0.91916	0.74515	0.82306
PUN	1.00000	0.99807	0.99903
In progress...
