Model files not found, creating them. This may take a few minutes...
Fold files created...
Model files created.
Accuracy for fold 0 is: 89.27280939476061
Accuracy for fold 1 is: 89.17739471961598
Accuracy for fold 2 is: 88.62451846816225
Accuracy for fold 3 is: 89.75115984816533
Accuracy for fold 4 is: 88.06244260789715
The overall accuracy is: 88.97766500772026

--- Confusion Matrix ---
	AJ0	AV0	PNX	NP0	EX0	PNQ	PNP	ITJ	VM0	ZZ0	VBN	PRF	PNI	CJS	CJT	PRP	ORD	AJC	VBZ	AVP	VBB	AVQ	VBG	VBD	VBI	DT0	UNC	AT0	VVZ	DPS	VVG	VVD	VHZ	VVB	VDN	VVN	NN0	VDZ	NN1	NN2	TO0	XX0	DTQ	VVI	VDD	VDB	VHN	VHI	VHG	AJS	VHD	VDI	VDG	CJC	VHB	CRD	PUN
AJ0	1302	8	3	15	1	0	1	0	2	0	0	0	1	0	0	5	7	0	0	1	0	0	0	0	0	2	0	3	0	2	3	3	1	2	3	27	0	1	214	0	1	0	1	2	0	0	1	0	0	2	0	0	3	0	2	1	0	
AV0	10	664	0	3	2	3	1	0	3	0	2	1	0	18	0	42	0	2	0	3	0	1	0	0	0	21	0	0	0	1	0	0	0	1	1	0	1	0	17	2	0	0	0	2	0	0	0	1	0	2	0	1	2	1	1	0	0	
PNX	0	0	4	0	0	0	0	1	0	0	0	0	0	0	0	0	0	0	0	2	0	0	0	0	0	0	0	0	0	0	0	0	0	0	0	0	0	0	1	1	0	0	0	0	0	1	0	0	0	0	0	0	0	0	0	0	0	
NP0	29	2	0	573	0	0	4	0	1	0	0	0	0	1	0	19	1	1	0	0	0	0	0	0	0	2	0	12	3	1	1	0	0	1	0	0	7	0	292	49	1	0	0	1	0	0	0	1	0	0	0	0	0	5	0	0	0	
EX0	0	3	0	0	33	0	0	0	0	0	0	0	0	0	0	0	0	0	0	0	1	0	0	0	0	0	0	0	0	0	0	0	0	0	0	0	0	0	0	0	0	0	0	0	0	0	0	0	0	0	0	0	0	0	0	0	0	
PNQ	1	0	0	0	1	28	0	0	0	0	0	0	0	0	0	0	0	0	0	0	0	0	0	0	0	0	0	0	0	0	0	0	0	0	0	0	1	0	0	0	0	0	2	1	0	0	0	0	0	0	0	0	0	0	0	0	0	
PNP	0	1	0	2	0	1	442	0	2	0	0	0	1	0	0	0	0	0	7	0	0	0	0	0	0	1	0	0	0	0	0	0	0	0	0	1	0	0	10	0	0	0	0	0	0	0	0	0	0	0	0	0	0	0	4	0	0	
ITJ	0	0	0	0	0	0	0	0	0	0	0	0	0	0	0	3	0	0	0	0	0	0	0	0	0	0	0	0	0	0	0	0	0	0	0	0	0	0	3	0	0	0	0	0	0	0	0	0	0	0	0	0	0	0	0	0	0	
VM0	0	0	0	1	0	0	1	0	303	0	0	0	0	0	0	0	0	0	0	0	1	0	0	0	0	0	0	1	0	0	0	1	0	3	0	3	0	0	2	0	0	7	0	0	0	0	0	0	0	0	0	0	0	0	0	1	0	
ZZ0	0	0	0	0	0	0	0	0	0	0	0	0	0	0	0	1	0	0	0	0	0	0	0	0	0	0	0	4	0	0	0	0	0	0	0	0	0	0	3	0	0	0	0	0	0	0	0	0	0	0	0	0	0	0	0	0	0	
VBN	0	0	0	0	0	0	0	0	0	0	39	0	0	0	0	0	0	0	0	0	0	0	0	0	0	0	0	0	0	0	0	0	0	0	0	0	0	0	0	0	0	0	0	0	0	0	0	1	0	0	0	0	0	0	0	0	0	
PRF	0	5	0	0	0	0	0	0	0	0	0	624	0	0	0	0	0	0	0	0	0	0	0	0	0	0	0	0	0	0	0	0	0	0	0	0	0	0	2	0	0	0	0	0	0	0	0	0	0	0	0	0	0	0	0	0	0	
PNI	0	1	0	2	0	0	0	0	0	0	0	0	9	0	0	0	0	0	1	0	0	0	0	0	0	0	0	0	0	1	0	0	0	0	0	1	2	0	4	0	0	1	1	0	0	0	0	0	0	0	0	0	0	1	0	5	0	
CJS	0	11	0	0	1	0	0	0	0	0	0	0	0	193	0	30	1	0	0	0	0	2	0	0	0	0	0	0	1	0	1	1	0	0	0	0	0	0	3	0	0	0	1	0	0	0	0	0	0	0	0	0	0	0	0	0	0	
CJT	0	2	0	0	1	0	0	0	0	0	0	0	0	0	126	0	0	0	0	0	0	0	0	0	0	6	0	0	0	0	0	0	0	0	0	0	0	0	1	0	0	0	0	0	0	0	0	0	0	0	0	0	0	0	0	0	0	
PRP	2	23	0	0	0	0	0	0	0	0	0	1	0	18	0	1839	0	0	0	11	0	0	0	0	0	1	0	0	0	0	0	1	0	0	0	0	4	0	11	0	9	0	0	3	0	0	0	0	0	0	0	0	0	1	0	0	0	
ORD	0	2	0	0	0	0	0	0	0	0	0	0	0	0	0	0	38	0	0	0	0	0	0	0	0	0	0	0	0	0	0	0	0	2	0	0	0	0	8	0	0	0	0	0	0	0	0	0	0	0	0	0	1	1	0	0	0	
AJC	1	4	1	0	0	0	0	0	0	0	0	0	0	0	0	1	1	28	0	0	0	0	0	0	0	0	0	0	0	0	0	0	0	0	0	0	0	0	18	0	0	0	0	0	0	0	0	0	0	0	0	0	0	0	0	0	0	
VBZ	0	0	0	0	0	0	8	0	0	0	0	0	0	0	0	0	0	0	353	0	0	0	0	0	0	0	0	0	0	0	0	0	0	0	0	0	0	0	0	0	0	0	0	0	1	0	0	0	0	0	0	0	1	0	0	0	0	
AVP	0	3	0	0	0	0	0	0	0	0	0	0	0	0	0	10	0	0	0	107	0	0	0	0	0	0	0	0	0	0	0	0	0	0	1	0	0	0	3	0	0	0	0	1	0	0	0	0	0	0	0	0	0	0	0	0	0	
VBB	0	0	0	0	0	0	0	0	0	0	1	0	0	1	0	0	0	0	0	0	157	0	0	0	0	0	0	0	0	0	0	0	0	0	0	0	0	0	0	0	0	0	0	0	0	0	0	0	0	0	0	0	0	1	1	0	0	
AVQ	0	1	0	0	0	0	0	0	0	0	0	0	0	6	0	0	0	0	0	0	0	29	0	0	0	0	0	0	0	1	0	0	0	0	0	0	0	0	2	0	0	0	0	0	0	1	0	0	0	0	0	0	1	0	0	0	0	
VBG	0	1	0	0	0	0	0	0	0	0	0	0	0	0	0	0	0	0	0	0	0	0	13	0	0	0	0	0	0	0	0	0	0	0	0	0	0	0	2	0	0	0	0	0	0	0	0	1	0	0	0	0	0	0	0	0	0	
VBD	0	0	0	0	0	0	0	0	0	0	0	0	0	0	0	0	0	0	0	0	0	0	0	95	0	0	0	0	0	0	0	0	0	0	0	0	0	1	0	1	0	0	0	0	0	0	0	0	0	0	0	0	1	0	1	0	0	
VBI	0	0	0	0	0	0	0	0	0	0	0	0	0	0	0	0	0	0	0	0	0	0	0	0	163	0	0	0	0	0	0	0	0	0	0	0	0	0	0	0	0	0	0	0	0	0	0	0	0	0	0	0	0	0	0	0	0	
DT0	1	20	1	0	0	0	0	0	0	0	1	0	1	0	4	4	1	0	0	0	0	0	0	0	1	400	0	0	0	0	0	0	0	0	0	0	0	0	3	1	0	0	0	0	0	0	0	0	0	1	0	0	0	0	0	1	0	
UNC	1	0	0	2	0	0	0	0	0	0	0	0	0	0	0	0	0	0	0	0	0	0	0	0	0	0	0	0	0	0	0	0	0	0	0	0	0	0	17	2	0	0	0	0	0	0	0	0	0	0	0	0	0	0	0	10	0	
AT0	0	0	0	0	0	0	1	0	0	0	1	0	0	1	0	0	0	0	0	0	0	0	0	0	0	0	0	2112	0	0	0	0	0	0	0	0	0	1	10	0	0	0	0	0	0	0	0	0	0	1	0	0	0	0	0	0	0	
VVZ	0	0	0	3	1	0	0	1	0	0	0	0	1	0	0	1	0	0	0	0	0	0	0	2	0	0	0	0	186	0	0	0	1	0	0	0	0	0	2	71	0	0	1	0	0	1	0	0	1	0	0	0	0	0	0	0	0	
DPS	0	1	0	0	0	0	0	0	0	0	0	0	0	0	0	0	0	0	0	1	0	0	0	0	0	0	0	3	0	170	0	0	1	0	0	2	0	1	2	0	0	0	0	0	0	0	0	0	0	0	0	0	0	0	0	0	0	
VVG	24	0	0	0	0	0	0	0	1	0	0	0	0	1	0	6	0	0	0	0	0	0	0	0	0	0	0	0	0	1	185	0	0	0	0	1	0	0	61	0	0	0	0	0	0	0	0	0	0	1	0	0	0	0	0	0	0	
VVD	12	0	0	2	0	1	0	0	1	0	0	0	0	0	0	0	0	0	0	0	0	0	0	0	0	0	0	1	0	0	1	156	0	4	0	39	0	1	9	0	0	0	1	1	0	1	0	0	0	0	0	0	0	0	1	0	0	
VHZ	0	0	0	0	0	0	0	0	0	0	0	0	1	1	0	0	0	0	0	0	0	0	0	0	0	0	0	0	0	0	0	0	114	0	0	0	0	0	1	0	0	0	0	0	0	0	0	0	0	0	0	0	1	0	0	0	0	
VVB	11	8	1	2	0	0	1	0	1	0	0	1	0	1	0	6	1	0	1	0	3	0	0	0	0	0	0	0	0	0	0	3	0	141	0	5	1	0	48	1	0	0	1	45	0	0	1	0	0	0	0	0	0	1	2	0	0	
VDN	0	0	0	0	0	0	0	0	0	0	0	0	0	1	0	0	0	0	0	0	0	0	0	0	0	0	0	0	0	0	0	0	0	0	5	2	0	0	0	0	0	0	0	0	0	0	0	0	0	0	0	0	0	0	0	0	0	
VVN	37	1	1	1	0	1	0	0	1	0	2	0	0	0	0	0	2	0	0	1	0	0	0	0	0	0	0	0	0	0	1	12	0	4	7	547	0	0	10	0	0	1	1	2	0	0	3	0	0	0	0	0	0	0	0	0	0	
NN0	0	0	0	3	0	0	0	0	0	0	0	0	0	0	0	4	2	0	0	0	0	0	1	0	0	3	0	0	0	0	0	0	0	0	0	0	103	0	15	2	0	1	1	0	0	0	0	0	0	1	0	1	0	0	0	2	0	
VDZ	0	0	1	0	0	0	0	0	0	0	0	0	0	0	0	0	0	0	0	0	0	0	0	0	0	0	0	0	0	0	0	0	0	0	0	0	0	8	0	0	0	1	0	0	0	0	0	0	0	0	0	0	0	0	0	0	0	
NN1	73	6	1	76	5	0	3	0	2	0	0	1	2	1	0	12	4	0	0	0	3	1	1	0	2	4	0	9	1	1	12	2	0	25	2	4	7	5	4167	8	3	3	3	8	1	2	4	0	1	4	0	0	0	8	1	0	0	
NN2	1	1	0	14	1	1	0	0	0	0	0	0	1	0	0	2	0	0	0	0	0	0	0	0	0	0	0	0	21	0	0	0	0	0	0	1	0	1	24	1420	4	0	0	0	1	2	1	0	2	0	0	1	0	0	1	0	0	
TO0	0	0	0	0	0	0	0	0	0	0	0	0	0	0	0	52	0	0	0	0	0	0	0	0	0	0	0	0	0	0	0	0	0	0	0	0	0	0	2	0	310	0	0	0	0	0	0	0	0	0	0	0	0	0	0	0	0	
XX0	0	0	1	0	0	0	0	0	1	0	0	1	0	0	0	0	0	0	0	0	0	0	0	0	0	0	0	0	0	0	0	0	0	0	0	0	0	0	3	0	0	69	0	0	0	1	0	0	0	0	0	0	0	0	0	0	0	
DTQ	0	1	0	0	0	0	0	0	0	0	0	0	0	1	1	0	0	0	0	1	0	0	0	0	0	1	0	0	0	0	0	0	0	0	0	0	0	0	6	0	0	0	128	0	0	0	0	0	1	0	0	0	0	0	0	0	0	
VVI	3	8	0	2	0	0	0	0	1	0	0	0	0	0	0	3	0	1	0	2	0	0	0	0	5	1	0	0	0	0	0	0	0	24	0	0	0	0	47	0	0	0	0	398	0	0	0	5	1	0	0	7	0	0	0	1	0	
VDD	0	0	0	0	0	0	0	0	0	0	0	0	0	0	0	0	0	0	0	0	0	0	0	0	0	0	0	0	0	0	0	0	0	0	0	0	0	5	0	0	1	0	0	0	3	0	0	0	0	0	0	0	0	0	0	0	0	
VDB	0	0	0	0	0	0	0	0	0	0	0	0	0	1	0	0	0	0	0	0	0	1	0	0	0	0	0	0	0	0	0	0	0	0	0	0	0	0	0	0	0	0	0	0	0	19	0	0	0	0	0	1	0	0	0	0	0	
VHN	0	0	0	0	0	0	0	0	0	0	1	0	0	0	0	0	0	0	0	0	0	0	0	0	0	0	0	0	0	0	0	0	0	0	0	1	0	0	0	0	0	0	0	0	0	0	2	0	0	0	0	0	0	0	0	0	0	
VHI	0	0	0	0	0	0	0	0	0	0	0	0	0	0	0	0	0	0	0	0	0	0	0	0	0	0	0	0	0	0	0	0	0	0	0	0	0	0	0	0	0	0	0	0	0	0	0	33	0	0	0	0	0	0	1	0	0	
VHG	0	0	0	0	0	0	0	0	0	0	0	0	0	1	0	0	0	0	0	0	1	0	1	0	0	0	0	0	0	0	0	0	0	0	0	1	0	0	0	0	0	0	0	0	0	0	0	0	1	0	0	0	0	0	0	0	0	
AJS	0	5	0	0	0	0	0	0	0	0	0	0	0	0	0	0	0	0	0	0	0	0	0	0	0	2	0	0	0	0	0	0	0	0	0	0	0	0	9	0	0	0	0	0	0	0	0	0	0	10	0	0	0	0	0	0	0	
VHD	0	0	0	0	0	0	0	0	0	0	0	0	0	0	0	0	0	0	0	0	0	0	0	0	2	0	0	0	0	0	0	0	0	0	0	0	0	1	0	0	0	0	0	0	0	0	2	0	0	0	15	0	0	0	0	0	0	
VDI	0	0	0	0	0	0	0	0	0	0	0	0	0	0	0	0	0	0	0	0	0	0	0	0	0	0	0	0	0	0	0	0	0	0	0	0	0	0	0	0	0	0	0	1	0	2	0	0	0	0	0	7	0	0	0	0	0	
VDG	0	0	0	0	0	0	0	0	0	0	0	0	0	1	0	0	0	1	0	0	0	1	0	0	0	0	0	0	0	0	0	0	0	0	1	0	0	0	0	0	0	0	0	0	0	0	0	0	0	0	0	0	0	0	0	0	0	
CJC	0	6	0	0	0	0	0	0	0	0	0	0	0	0	0	1	0	0	0	0	0	0	0	0	0	0	0	0	0	0	0	0	0	0	0	0	0	0	6	0	0	0	1	0	0	0	0	0	0	0	0	0	0	791	0	0	0	
VHB	0	1	0	0	0	0	0	0	0	0	0	0	0	0	0	0	0	0	0	0	0	0	0	0	0	0	0	0	0	0	0	0	0	1	0	0	0	0	0	0	0	0	0	0	0	2	0	7	0	0	0	0	0	0	65	0	0	
CRD	1	0	1	0	0	0	0	0	0	0	1	0	1	0	0	3	0	0	0	0	0	0	0	0	0	1	0	1	0	0	0	0	0	0	0	3	0	0	25	7	1	0	1	1	0	0	1	0	0	0	0	0	0	0	0	281	0	
PUN	0	0	0	0	0	0	0	0	0	0	0	0	0	0	1	0	0	0	1	1	0	0	0	0	0	0	0	0	0	0	0	0	0	0	0	0	0	0	1	1	0	1	0	0	0	0	0	0	0	0	0	0	0	0	0	0	1035	

--- Corpus Tag Counts ---
AJ0	1743
AV0	821
PNX	10
NP0	1092
EX0	37
PNQ	34
PNP	472
ITJ	6
VM0	324
ZZ0	8
VBN	40
PRF	631
PNI	31
CJS	257
CJT	140
PRP	1942
ORD	52
AJC	54
VBZ	363
AVP	164
VBB	161
AVQ	53
VBG	17
VBD	99
VBI	163
DT0	467
UNC	32
AT0	2127
VVZ	312
DPS	181
VVG	351
VVD	290
VHZ	118
VVB	464
VDN	8
VVN	670
NN0	139
VDZ	10
NN1	4625
NN2	1519
TO0	364
XX0	76
DTQ	140
VVI	509
VDD	9
VDB	22
VHN	4
VHI	34
VHG	5
AJS	26
VHD	20
VDI	10
VDG	4
CJC	805
VHB	76
CRD	329
PUN	1041

--- Assigned Tag Counts ---
AV0	787
AJ0	1487
PNX	15
NP0	693
EX0	46
PNQ	35
PNP	461
ITJ	2
VM0	317
VBN	48
PRF	629
PNI	18
CJS	247
CJT	132
PRP	2035
ORD	55
AJC	33
VBZ	363
AVP	130
VBB	165
AVQ	35
VBG	16
VBD	97
VBI	173
DT0	444
AT0	2143
VVZ	212
DPS	178
VVG	203
VVD	177
VHZ	117
VVB	206
VDN	19
VVN	637
NN0	121
VDZ	24
NN1	5043
NN2	1565
TO0	330
XX0	84
DTQ	142
VVI	460
VDD	6
VDB	32
VHN	14
VHI	49
VHG	7
AJS	21
VHD	15
VDI	18
CJC	810
VHB	80
VDG	9
CRD	302
PUN	1035

--- Correct Tag Counts ---
AV0	664
AJ0	1302
PNX	4
NP0	573
EX0	33
PNQ	28
PNP	442
VM0	303
VBN	39
PRF	624
PNI	9
CJS	193
CJT	126
PRP	1839
ORD	38
AJC	28
VBZ	353
AVP	107
VBB	157
AVQ	29
VBG	13
VBD	95
VBI	163
DT0	400
AT0	2112
VVZ	186
DPS	170
VVG	185
VVD	156
VHZ	114
VVB	141
VDN	5
VVN	547
NN0	103
NN1	4167
VDZ	8
NN2	1420
TO0	310
XX0	69
DTQ	128
VVI	398
VDD	3
VDB	19
VHN	2
VHI	33
VHG	1
AJS	10
VDI	7
VHD	15
CJC	791
VHB	65
CRD	281
PUN	1035

Tag	P	R	F

AJ0	0.87559	0.74699	0.80619
AV0	0.84371	0.80877	0.82587
PNX	0.26667	0.40000	0.32000
NP0	0.82684	0.52473	0.64202
EX0	0.71739	0.89189	0.79518
PNQ	0.80000	0.82353	0.81159
PNP	0.95879	0.93644	0.94748
ITJ	0.00000	0.00000	NaN
VM0	0.95584	0.93519	0.94540
ZZ0	0.00000	0.00000	NaN
VBN	0.81250	0.97500	0.88636
PRF	0.99205	0.98891	0.99048
PNI	0.50000	0.29032	0.36735
CJS	0.78138	0.75097	0.76587
CJT	0.95455	0.90000	0.92647
PRP	0.90369	0.94696	0.92482
ORD	0.69091	0.73077	0.71028
AJC	0.84848	0.51852	0.64368
VBZ	0.97245	0.97245	0.97245
AVP	0.82308	0.65244	0.72789
VBB	0.95152	0.97516	0.96319
AVQ	0.82857	0.54717	0.65909
VBG	0.81250	0.76471	0.78788
VBD	0.97938	0.95960	0.96939
VBI	0.94220	1.00000	0.97024
DT0	0.90090	0.85653	0.87816
UNC	0.00000	0.00000	NaN
AT0	0.98553	0.99295	0.98923
VVZ	0.87736	0.59615	0.70992
DPS	0.95506	0.93923	0.94708
VVG	0.91133	0.52707	0.66787
VVD	0.88136	0.53793	0.66809
VHZ	0.97436	0.96610	0.97021
VVB	0.68447	0.30388	0.42090
VDN	0.26316	0.62500	0.37037
VVN	0.85871	0.81642	0.83703
NN0	0.85124	0.74101	0.79231
VDZ	0.33333	0.80000	0.47059
NN1	0.82629	0.90097	0.86202
NN2	0.90735	0.93483	0.92088
TO0	0.93939	0.85165	0.89337
XX0	0.82143	0.90789	0.86250
DTQ	0.90141	0.91429	0.90780
VVI	0.86522	0.78193	0.82147
VDD	0.50000	0.33333	0.40000
VDB	0.59375	0.86364	0.70370
VHN	0.14286	0.50000	0.22222
VHI	0.67347	0.97059	0.79518
VHG	0.14286	0.20000	0.16667
AJS	0.47619	0.38462	0.42553
VHD	1.00000	0.75000	0.85714
VDI	0.38889	0.70000	0.50000
VDG	0.00000	0.00000	NaN
CJC	0.97654	0.98261	0.97957
VHB	0.81250	0.85526	0.83333
CRD	0.93046	0.85410	0.89065
PUN	1.00000	0.99424	0.99711
In progress...
