Model files not found, creating them. This may take a few minutes...
Fold files created...
Model files created.
Accuracy for fold 0 is: 87.38022902547324
Accuracy for fold 1 is: 89.06392694063926
Accuracy for fold 2 is: 88.67469879518072
Accuracy for fold 3 is: 88.18687430478309
Accuracy for fold 4 is: 88.65300146412885
The overall accuracy is: 88.39174610604104

--- Confusion Matrix ---
	AJ0	AV0	PNX	NP0	EX0	PNQ	PNP	ITJ	VM0	ZZ0	PRF	VBN	PNI	CJS	PRP	CJT	ORD	AJC	VBZ	AVP	VBB	AVQ	VBG	VBD	VBI	DT0	UNC	AT0	VVZ	DPS	VVG	VVD	VVB	VHZ	VDN	NN0	VVN	NN1	VDZ	NN2	TO0	XX0	DTQ	VVI	VDD	VDB	VHN	VHI	VHG	AJS	VDI	VHD	CJC	VHB	CRD	PUN
AJ0	1683	29	0	7	3	1	1	0	0	0	0	1	2	0	3	0	0	0	0	0	0	0	0	0	0	3	0	4	0	2	5	5	9	0	3	0	16	226	3	2	1	0	0	0	2	0	0	1	0	8	0	0	1	1	0	0	
AV0	18	872	1	2	1	1	1	0	0	0	5	3	0	20	40	0	0	4	1	5	1	2	0	0	1	27	1	8	0	1	1	0	3	1	0	0	4	40	1	2	0	0	0	1	3	0	0	3	0	1	0	0	1	0	0	0	
PNX	0	0	3	0	0	0	0	0	0	0	0	0	0	1	0	0	0	0	0	1	0	0	0	0	0	2	0	0	1	0	1	0	0	0	0	0	0	0	0	1	0	0	0	0	0	0	0	0	1	0	0	0	0	0	0	0	
NP0	46	6	0	134	0	0	1	0	0	0	0	1	0	0	11	0	0	0	0	0	0	0	0	0	0	1	0	13	1	0	0	0	6	0	1	0	0	195	0	23	0	0	1	3	0	0	0	0	0	1	0	0	0	0	0	0	
EX0	0	2	0	0	36	0	0	0	0	0	0	0	0	0	0	0	0	0	0	0	0	0	0	0	0	0	0	0	0	0	0	0	0	0	0	0	0	0	0	0	0	0	0	0	0	0	0	0	0	0	0	0	0	0	0	0	
PNQ	0	0	0	0	1	4	2	0	0	0	0	0	0	0	0	1	0	0	0	0	0	0	0	0	0	0	0	0	0	0	0	0	0	0	0	0	0	0	0	0	0	0	1	0	0	0	0	0	0	0	0	0	0	0	0	0	
PNP	0	0	0	2	0	0	638	0	1	0	0	2	1	0	0	0	0	0	0	0	0	0	1	0	0	1	0	0	0	0	0	0	0	0	0	0	1	5	1	0	0	0	0	1	0	0	0	0	1	0	0	0	0	1	0	0	
ITJ	0	0	0	0	0	0	0	0	0	0	0	0	0	0	0	0	0	0	0	0	0	0	0	0	0	0	0	0	0	0	0	0	0	0	0	0	0	1	0	0	0	0	0	0	0	0	0	0	0	0	0	0	0	0	0	0	
VM0	0	1	0	0	0	0	0	0	327	0	0	0	0	0	0	0	0	0	0	0	0	0	0	0	0	0	0	0	0	0	0	0	1	0	0	0	0	6	0	0	0	2	0	0	3	6	1	0	0	0	0	0	0	0	0	0	
ZZ0	0	0	0	0	0	0	0	0	0	0	0	0	0	0	4	0	0	0	0	0	0	0	0	0	0	0	0	5	0	0	0	0	0	0	0	0	0	1	0	0	0	0	0	0	0	0	0	0	0	0	0	0	0	0	0	0	
PRF	0	6	0	0	0	0	0	0	0	0	462	0	0	0	0	0	0	0	0	0	0	0	0	0	0	0	0	0	0	0	0	0	0	0	0	0	0	6	0	0	0	0	0	0	0	0	0	0	0	0	0	0	0	0	0	0	
VBN	0	0	0	0	0	0	0	0	0	0	0	30	0	0	0	0	0	0	0	0	0	0	0	0	0	0	0	0	0	0	0	0	0	0	0	0	0	0	0	0	0	0	0	0	0	0	0	1	0	0	0	0	0	0	0	0	
PNI	0	0	0	0	1	0	0	0	0	0	0	1	19	0	0	0	0	0	0	0	0	0	0	0	0	0	0	0	0	0	0	0	0	0	1	0	0	5	0	0	0	0	0	0	1	0	0	0	0	0	0	0	0	0	4	0	
CJS	0	7	0	0	0	0	0	0	0	0	0	0	0	266	22	0	0	0	0	0	0	2	0	0	0	0	0	0	0	0	2	1	0	0	0	0	0	1	0	1	0	0	0	0	0	0	0	0	0	0	0	0	0	0	0	0	
PRP	0	22	0	0	0	0	0	0	0	1	0	0	0	14	1654	0	0	0	0	10	1	0	0	1	0	0	1	0	0	0	0	0	0	0	1	0	0	36	0	0	12	1	0	0	0	0	0	1	0	0	0	0	1	0	0	0	
CJT	0	3	0	0	0	0	0	0	0	0	0	0	0	0	0	77	0	0	0	0	0	0	0	0	0	7	0	0	0	0	0	0	0	0	0	0	0	0	0	0	0	0	0	0	0	0	0	0	0	0	0	0	0	0	0	0	
ORD	0	0	0	0	1	0	0	0	0	0	1	0	0	0	0	0	40	0	1	0	0	0	0	1	0	0	0	0	1	0	0	0	0	0	0	0	0	5	0	0	0	0	0	0	1	0	0	0	0	1	0	0	0	0	0	0	
AJC	0	9	1	0	0	0	0	0	0	0	0	1	0	0	0	0	0	37	0	0	0	0	0	0	0	1	0	0	0	0	0	0	1	0	0	0	0	17	0	0	0	0	0	0	0	0	0	0	0	0	0	0	0	0	0	0	
VBZ	0	0	0	0	0	0	0	0	0	0	0	0	0	0	0	0	0	0	226	0	0	0	0	0	0	0	0	0	0	0	0	0	1	0	0	0	0	2	0	0	0	0	0	0	0	1	0	0	1	0	0	0	0	0	0	0	
AVP	1	7	0	0	0	0	0	0	0	0	0	0	0	0	18	0	0	0	0	218	0	0	0	0	0	0	0	0	0	0	0	0	0	0	0	0	0	3	0	0	0	0	0	0	0	0	0	0	0	0	0	0	0	0	0	0	
VBB	0	0	0	0	0	0	0	0	0	0	0	0	0	0	0	0	0	0	0	0	166	0	1	0	1	0	0	0	0	1	0	0	0	0	0	0	0	0	0	0	0	0	0	0	0	1	0	0	0	0	0	0	0	0	0	0	
AVQ	0	2	0	0	0	0	1	0	0	0	0	0	0	11	1	2	0	0	0	0	0	21	0	0	0	0	0	0	0	0	0	0	0	0	0	0	0	1	0	0	0	0	0	0	0	0	0	0	0	0	0	1	0	0	0	0	
VBG	1	0	0	0	0	0	0	0	0	0	0	1	0	0	0	0	0	0	0	0	0	0	4	0	0	0	0	0	0	0	0	0	0	0	0	0	0	1	0	0	0	0	0	0	0	0	0	0	0	0	0	0	0	1	0	0	
VBD	0	0	0	0	0	0	0	0	0	0	0	0	0	0	0	0	0	0	0	0	1	0	0	59	0	0	0	0	0	0	0	0	0	0	0	0	0	0	1	0	0	0	0	0	0	0	0	0	0	0	0	0	0	1	0	0	
VBI	0	0	0	0	0	0	0	0	0	0	0	0	0	0	0	0	0	0	0	1	1	0	0	0	150	0	0	0	0	0	0	0	0	0	0	0	0	1	0	0	0	0	0	0	0	0	0	0	0	0	1	0	0	0	0	0	
DT0	0	19	0	0	1	0	1	0	0	0	0	2	0	0	5	5	0	0	0	0	0	0	0	0	0	404	0	0	0	0	0	0	0	0	1	0	0	7	0	0	0	0	0	1	1	0	0	0	0	0	0	1	0	0	0	0	
UNC	3	0	0	2	0	0	0	0	0	0	0	0	0	0	0	0	0	0	0	0	0	0	0	0	0	1	3	0	0	0	0	0	0	0	0	1	0	34	0	2	0	0	0	0	0	0	0	0	0	0	0	0	0	0	10	0	
AT0	0	3	0	0	0	0	0	0	0	0	0	0	0	0	0	0	0	0	0	0	0	0	0	0	0	0	0	1690	0	0	0	0	0	0	0	0	0	17	0	0	0	0	0	0	0	0	0	0	0	0	0	0	0	0	0	0	
VVZ	0	2	0	1	0	0	0	0	0	0	0	0	0	0	1	0	0	0	0	0	0	0	0	0	0	1	0	1	142	0	0	0	2	0	0	1	0	0	0	58	0	0	0	0	2	0	1	0	0	0	0	0	0	1	0	0	
DPS	0	0	0	0	0	0	1	0	0	0	0	0	0	0	0	0	0	0	0	0	0	0	0	0	0	0	0	0	0	225	0	0	0	0	0	0	0	6	0	0	0	1	0	0	0	0	0	0	1	0	0	0	0	0	0	0	
VVG	19	0	0	0	1	0	0	0	0	0	1	0	0	0	7	1	0	0	0	0	0	0	0	0	0	0	0	0	0	1	242	0	2	0	0	0	0	70	0	0	0	0	0	2	1	0	0	0	0	0	0	0	0	0	0	0	
VVD	28	0	0	0	0	1	0	0	0	0	0	0	0	1	1	0	0	0	0	0	2	0	0	0	0	0	0	0	1	0	0	25	12	0	0	0	23	17	0	0	0	0	0	3	0	0	0	0	0	0	0	0	0	0	0	0	
VVB	22	10	0	1	0	0	2	1	1	2	5	0	0	7	7	0	0	0	0	0	2	0	1	0	0	0	0	0	0	1	1	1	499	1	2	0	5	43	1	0	1	0	0	38	2	1	1	0	1	0	0	0	0	1	0	0	
VHZ	0	0	0	0	0	0	0	0	1	0	0	0	0	0	0	0	0	0	0	0	0	0	0	0	0	0	0	0	0	0	0	0	0	42	0	0	0	1	0	0	0	0	0	0	0	2	0	0	0	0	0	0	0	0	0	0	
VDN	0	0	0	0	0	0	0	0	0	0	0	1	1	0	0	0	0	0	0	0	0	0	0	0	0	0	0	0	0	0	0	0	0	0	2	0	0	0	1	0	0	1	0	0	0	0	0	0	0	0	0	0	0	0	0	0	
NN0	12	0	0	9	0	0	0	0	0	0	1	0	0	0	1	0	0	0	1	1	0	0	0	0	1	0	0	1	1	0	0	0	0	0	1	126	0	29	0	2	0	0	0	1	0	0	0	0	0	0	0	0	0	0	0	0	
VVN	32	1	0	0	0	0	1	0	0	0	0	2	0	0	0	0	0	0	0	0	0	0	0	0	0	0	0	0	0	2	0	10	3	0	0	0	348	11	2	0	0	1	0	1	0	1	1	0	0	0	0	0	0	0	0	0	
NN1	143	23	0	27	1	1	3	0	4	1	4	0	3	1	10	2	1	0	0	2	1	0	0	0	0	3	0	4	0	0	7	3	14	0	3	1	3	3358	0	13	2	0	1	11	10	0	0	2	1	5	0	0	0	0	1	0	
VDZ	0	0	0	0	0	0	0	0	0	0	0	0	0	0	0	0	0	0	0	0	0	0	0	0	0	0	0	0	0	0	0	0	0	0	0	0	0	0	3	0	0	0	0	0	0	2	0	0	0	0	0	0	0	0	0	0	
NN2	4	3	0	5	1	0	0	2	0	0	0	2	0	0	2	0	1	0	0	0	0	0	1	0	0	0	1	0	9	0	0	0	1	0	0	1	0	48	2	1641	1	1	0	1	6	1	0	0	0	1	0	0	0	0	0	0	
TO0	0	0	0	0	0	0	0	0	0	0	0	0	0	0	50	0	0	0	0	0	0	0	0	0	0	0	0	0	0	0	0	0	0	0	0	0	0	5	0	0	308	0	0	0	1	0	0	0	0	0	0	0	0	0	0	0	
XX0	0	0	0	0	0	0	0	1	1	0	0	0	0	0	0	0	0	0	0	0	0	0	0	0	0	0	0	0	0	0	0	0	0	0	0	1	0	1	0	0	0	51	0	0	0	0	0	0	0	0	0	0	0	0	0	0	
DTQ	0	0	0	0	0	0	1	0	0	0	0	0	0	1	1	1	0	1	0	0	0	1	0	0	0	0	0	0	0	0	0	0	0	1	0	0	0	0	0	0	0	1	102	0	0	1	0	0	0	0	0	0	0	0	0	0	
VVI	6	2	0	1	0	0	0	0	0	0	0	0	0	0	2	0	0	0	0	0	0	0	0	0	5	0	0	0	0	0	0	0	33	0	0	0	0	58	0	0	0	0	0	471	3	2	0	3	0	0	9	0	0	0	0	0	
VDD	0	0	0	0	0	0	0	0	0	0	1	0	0	0	0	0	0	0	0	0	0	0	0	0	0	0	0	0	0	0	0	1	0	0	0	0	0	0	0	0	0	0	0	0	4	2	0	0	0	0	0	0	0	0	0	0	
VDB	0	0	2	0	0	0	0	0	1	0	0	0	0	0	0	0	0	0	0	0	0	0	0	0	0	0	0	0	0	0	0	0	0	0	0	0	0	0	0	0	0	1	0	0	0	59	0	0	0	0	0	0	0	1	0	0	
VHN	0	0	0	0	0	0	0	0	0	0	0	1	0	0	0	0	0	0	0	0	0	0	0	0	0	0	0	0	0	0	0	0	0	0	0	0	0	0	0	0	0	0	0	0	0	0	0	0	0	0	0	1	0	0	0	0	
VHI	0	0	0	0	0	0	0	0	0	0	0	0	0	0	0	0	0	0	0	0	0	0	0	0	1	0	0	0	0	0	0	0	0	0	0	0	0	0	0	0	0	0	0	0	0	0	0	21	0	0	0	0	0	1	0	0	
VHG	0	0	1	0	0	0	0	0	0	0	1	0	0	0	0	0	0	0	0	0	0	0	0	0	0	0	0	0	0	1	0	0	0	0	0	0	0	0	0	0	0	0	0	0	0	0	0	0	0	0	0	0	0	1	0	0	
AJS	0	6	0	0	0	0	0	0	0	0	0	0	0	0	0	0	0	0	0	0	0	0	0	0	0	0	0	0	0	0	0	0	0	0	0	0	0	8	0	0	0	0	0	0	0	0	0	0	0	18	0	0	0	0	0	0	
VDI	0	0	0	0	0	0	0	0	0	0	0	0	0	0	0	0	0	0	0	0	0	0	0	0	0	0	0	0	0	0	0	0	0	0	0	0	0	1	0	0	0	0	0	1	0	2	0	1	0	0	0	0	0	0	0	0	
VHD	0	0	0	0	0	0	0	0	0	0	0	0	0	0	0	0	0	0	0	0	0	0	1	0	0	0	0	0	0	0	0	0	0	0	0	0	0	0	0	0	0	0	0	0	0	0	1	0	0	0	0	1	0	2	0	0	
CJC	0	0	0	0	0	0	0	0	0	0	0	0	0	0	0	0	0	0	0	0	0	0	0	1	0	0	0	0	0	0	0	0	0	0	0	0	1	11	0	0	0	0	0	0	0	0	0	0	0	0	0	0	837	0	0	0	
VHB	0	0	0	0	0	0	0	0	0	0	0	0	0	0	0	0	0	0	0	0	1	0	0	0	0	0	0	0	0	0	0	0	1	0	0	0	0	0	0	0	0	0	0	0	0	1	0	4	0	0	0	0	0	48	0	0	
CRD	2	0	1	0	0	0	0	0	0	0	0	0	6	0	2	0	0	1	0	0	0	0	0	0	0	0	1	0	0	1	0	0	0	0	0	0	0	21	0	2	0	0	0	1	3	0	0	0	0	0	0	0	1	0	111	0	
PUN	0	0	0	0	0	0	0	0	0	4	0	0	0	0	0	0	0	0	0	0	1	1	0	1	0	0	0	0	0	0	0	0	0	0	0	0	0	5	0	0	0	0	0	0	0	2	1	0	0	0	0	0	1	0	0	1010	

--- Corpus Tag Counts ---
AJ0	2198
AV0	1111
PNX	11
NP0	506
EX0	38
PNQ	9
PNP	656
ITJ	1
VM0	347
ZZ0	10
PRF	474
VBN	31
PNI	35
CJS	326
CJT	88
PRP	1799
ORD	52
AJC	67
VBZ	231
AVP	333
VBB	170
AVQ	56
VBG	8
VBD	62
VBI	154
DT0	450
UNC	56
AT0	1710
VVZ	264
DPS	234
VVG	406
VVD	156
VVB	847
VHZ	46
VDN	6
NN0	187
VVN	439
NN1	3948
VDZ	5
NN2	1748
TO0	364
XX0	55
DTQ	111
VVI	595
VDD	8
VDB	64
VHN	2
VHI	23
VHG	4
AJS	32
VDI	5
VHD	5
CJC	850
VHB	55
CRD	153
PUN	1026

--- Assigned Tag Counts ---
AJ0	1988
AV0	1029
PNX	9
NP0	185
EX0	47
PNQ	8
PNP	651
ITJ	4
VM0	335
ZZ0	7
PRF	478
VBN	48
PNI	32
CJS	321
CJT	89
PRP	1837
ORD	42
AJC	43
VBZ	229
AVP	238
VBB	176
AVQ	27
VBG	9
VBD	63
VBI	159
DT0	451
UNC	7
AT0	1726
VVZ	156
DPS	234
VVG	259
VVD	44
VHZ	45
VVB	586
VDN	14
NN0	131
VVN	397
NN1	4260
VDZ	13
NN2	1747
TO0	324
XX0	60
DTQ	105
VVI	532
VDD	39
VDB	84
VHN	6
VHI	36
VHG	6
AJS	35
VDI	10
VHD	4
CJC	842
VHB	59
CRD	126
PUN	1010

--- Correct Tag Counts ---
AJ0	1683
AV0	872
PNX	3
NP0	134
EX0	36
PNQ	4
PNP	638
VM0	327
PRF	462
VBN	30
PNI	19
CJS	266
PRP	1654
CJT	77
ORD	40
AJC	37
VBZ	226
AVP	218
VBB	166
AVQ	21
VBG	4
VBD	59
VBI	150
DT0	404
UNC	3
AT0	1690
VVZ	142
DPS	225
VVG	242
VVD	25
VVB	499
VHZ	42
VDN	2
NN0	126
VVN	348
NN1	3358
VDZ	3
NN2	1641
TO0	308
XX0	51
DTQ	102
VVI	471
VDD	4
VDB	59
VHI	21
AJS	18
VHD	1
CJC	837
VHB	48
CRD	111
PUN	1010

Tag	P	R	F

AJ0	0.84658	0.76570	0.80411
AV0	0.84742	0.78488	0.81495
PNX	0.33333	0.27273	0.30000
NP0	0.72432	0.26482	0.38784
EX0	0.76596	0.94737	0.84706
PNQ	0.50000	0.44444	0.47059
PNP	0.98003	0.97256	0.97628
ITJ	0.00000	0.00000	NaN
VM0	0.97612	0.94236	0.95894
ZZ0	0.00000	0.00000	NaN
PRF	0.96653	0.97468	0.97059
VBN	0.62500	0.96774	0.75949
PNI	0.59375	0.54286	0.56716
CJS	0.82866	0.81595	0.82226
CJT	0.86517	0.87500	0.87006
PRP	0.90038	0.91940	0.90979
ORD	0.95238	0.76923	0.85106
AJC	0.86047	0.55224	0.67273
VBZ	0.98690	0.97835	0.98261
AVP	0.91597	0.65465	0.76357
VBB	0.94318	0.97647	0.95954
AVQ	0.77778	0.37500	0.50602
VBG	0.44444	0.50000	0.47059
VBD	0.93651	0.95161	0.94400
VBI	0.94340	0.97403	0.95847
DT0	0.89579	0.89778	0.89678
UNC	0.42857	0.05357	0.09524
AT0	0.97914	0.98830	0.98370
VVZ	0.91026	0.53788	0.67619
DPS	0.96154	0.96154	0.96154
VVG	0.93436	0.59606	0.72782
VVD	0.56818	0.16026	0.25000
VVB	0.85154	0.58914	0.69644
VHZ	0.93333	0.91304	0.92308
VDN	0.14286	0.33333	0.20000
NN0	0.96183	0.67380	0.79245
VVN	0.87657	0.79271	0.83254
NN1	0.78826	0.85056	0.81823
VDZ	0.23077	0.60000	0.33333
NN2	0.93932	0.93879	0.93906
TO0	0.95062	0.84615	0.89535
XX0	0.85000	0.92727	0.88696
DTQ	0.97143	0.91892	0.94444
VVI	0.88534	0.79160	0.83585
VDD	0.10256	0.50000	0.17021
VDB	0.70238	0.92188	0.79730
VHN	0.00000	0.00000	NaN
VHI	0.58333	0.91304	0.71186
VHG	0.00000	0.00000	NaN
AJS	0.51429	0.56250	0.53731
VDI	0.00000	0.00000	NaN
VHD	0.25000	0.20000	0.22222
CJC	0.99406	0.98471	0.98936
VHB	0.81356	0.87273	0.84211
CRD	0.88095	0.72549	0.79570
PUN	1.00000	0.98441	0.99214
In progress...
