AJ0	0.84331	0.72733	0.78104
AV0	0.86790	0.81148	0.83875
PNX	0.84127	0.80303	0.82171
NP0	0.82851	0.65228	0.72991
EX0	0.80645	0.90909	0.85470
PNQ	0.86777	0.98131	0.92105
PNP	0.96411	0.96527	0.96469
ITJ	0.00000	0.00000	NaN
VM0	0.94702	0.94702	0.94702
ZZ0	0.10714	0.23077	0.14634
VBN	0.86022	0.97561	0.91429
PRF	0.99128	0.98912	0.99020
PNI	0.78947	0.60811	0.68702
CJS	0.82700	0.71533	0.76712
PRP	0.90417	0.96405	0.93315
CJT	0.97990	0.93750	0.95823
ORD	0.83333	0.82192	0.82759
AJC	0.79167	0.41304	0.54286
VBZ	0.97674	0.98824	0.98246
AVP	0.79630	0.55128	0.65152
VBB	0.94886	0.95977	0.95429
AVQ	0.88000	0.61972	0.72727
VBG	0.73913	0.73913	0.73913
VBD	0.98421	0.98942	0.98681
VBI	0.95909	0.99528	0.97685
DT0	0.90538	0.86988	0.88727
UNC	0.14035	0.50000	0.21918
AT0	0.98283	0.99451	0.98864
VVZ	0.86707	0.72658	0.79063
DPS	0.95663	0.98684	0.97150
VVG	0.93258	0.57439	0.71092
VVD	0.83243	0.49677	0.62222
VVB	0.70552	0.30997	0.43071
VHZ	0.98462	0.95522	0.96970
VDN	0.58333	0.70000	0.63636
VVN	0.84293	0.87145	0.85695
NN0	0.90000	0.74118	0.81290
VDZ	0.71429	0.86207	0.78125
NN1	0.84122	0.87828	0.85935
NN2	0.90017	0.91773	0.90886
TO0	0.94258	0.86026	0.89954
XX0	0.84783	0.84783	0.84783
VVI	0.86492	0.76346	0.81103
DTQ	0.98566	0.98214	0.98390
VDD	0.66667	0.66667	0.66667
VDB	0.54545	0.66667	0.60000
VHN	0.00000	0.00000	NaN
VHI	0.84127	0.96364	0.89831
VHG	0.70588	0.66667	0.68571
AJS	0.28000	0.36842	0.31818
VHD	0.86667	0.95588	0.90909
VDI	0.48148	0.72222	0.57778
CJC	0.99051	0.99470	0.99260
VHB	0.88732	0.92647	0.90647
VDG	0.20000	0.33333	0.25000
CRD	0.93939	0.75000	0.83408
PUN	1.00000	0.99234	0.99616