0.0	0.3825	0.0575	0.0175	0.0825	0.4575	0.0025	
0.0	0.23295019157088123	0.2099616858237548	0.020306513409961684	0.030268199233716476	0.41226053639846744	0.09425287356321839	
0.0	0.10416666666666667	0.2006172839506173	0.06635802469135803	0.14737654320987653	0.44212962962962965	0.03935185185185185	
0.0	0.670020120724346	0.004024144869215292	0.0482897384305835	0.006036217303822937	0.20925553319919518	0.06237424547283702	
0.0	0.07692307692307693	0.2729528535980149	0.10669975186104218	0.07444168734491315	0.39950372208436724	0.06947890818858561	
0.0	0.4364694471387003	0.11412867765923052	0.09182023924991917	0.021661817006142902	0.32201745877788557	0.013902360168121564	
0.0	0.0	0.0	0.0	0.0	0.0	0.0	
Changes	0.0	1.0	0.0	0.0	0.0	0.0	0.0	
attended	0.0	0.0	1.0	0.0	0.0	0.0	0.0	
That	0.0	0.0	0.0	0.0	0.0	1.0	0.0	
Margaret	0.0	1.0	0.0	0.0	0.0	0.0	0.0	
celebrity	0.0	1.0	0.0	0.0	0.0	0.0	0.0	
MAJOR	0.0	0.0	0.0	1.0	0.0	0.0	0.0	
furnish	0.0	0.0	1.0	0.0	0.0	0.0	0.0	
event	0.0	1.0	0.0	0.0	0.0	0.0	0.0	
advanced	0.0	0.0	1.0	0.0	0.0	0.0	0.0	
role	0.0	1.0	0.0	0.0	0.0	0.0	0.0	
right	0.0	1.0	0.0	0.0	0.0	0.0	0.0	
bought	0.0	0.0	0.0	0.0	0.0	1.0	0.0	
Ministry	0.0	1.0	0.0	0.0	0.0	0.0	0.0	
crook	0.0	1.0	0.0	0.0	0.0	0.0	0.0	
!	0.0	0.0	0.0	0.0	0.0	0.0	1.0	
essential	0.0	0.0	0.0	1.0	0.0	0.0	0.0	
James	0.0	1.0	0.0	0.0	0.0	0.0	0.0	
told	0.0	0.0	0.0	0.0	0.0	1.0	0.0	
answer	0.0	1.0	0.0	0.0	0.0	0.0	0.0	
possibly	0.0	0.0	0.0	0.0	1.0	0.0	0.0	
Midwifery	0.0	1.0	0.0	0.0	0.0	0.0	0.0	
meet	0.0	0.0	1.0	0.0	0.0	0.0	0.0	
.	0.0	0.0	0.0	0.0	0.0	0.0	1.0	
Team	0.0	1.0	0.0	0.0	0.0	0.0	0.0	
few	0.0	0.0	0.0	0.0	0.0	1.0	0.0	
purchased	0.0	0.0	1.0	0.0	0.0	0.0	0.0	
1	0.0	0.0	0.0	0.0	0.0	1.0	0.0	
7	0.0	0.0	0.0	0.0	0.0	1.0	0.0	
arranged	0.0	0.0	0.5	0.0	0.0	0.5	0.0	
4	0.0	0.0	0.0	0.0	0.0	1.0	0.0	
;	0.0	0.0	0.0	0.0	0.0	1.0	0.0	
quality	0.0	1.0	0.0	0.0	0.0	0.0	0.0	
defender	0.0	1.0	0.0	0.0	0.0	0.0	0.0	
?	0.0	0.0	0.0	0.0	0.0	0.0	1.0	
cheque	0.0	1.0	0.0	0.0	0.0	0.0	0.0	
wherever	0.0	0.0	0.0	0.0	1.0	0.0	0.0	
steady	0.0	0.0	0.0	1.0	0.0	0.0	0.0	
Kensington	0.0	1.0	0.0	0.0	0.0	0.0	0.0	
A	0.0	0.0	0.0	0.0	0.07692307692307693	0.9230769230769231	0.0	
made	0.0	0.0	1.0	0.0	0.0	0.0	0.0	
imaginary	0.0	0.0	0.0	1.0	0.0	0.0	0.0	
ignorance	0.0	1.0	0.0	0.0	0.0	0.0	0.0	
biggest	0.0	0.0	0.0	1.0	0.0	0.0	0.0	
parted	0.0	0.0	0.0	0.0	0.0	1.0	0.0	
I	0.0	1.0	0.0	0.0	0.0	0.0	0.0	
needing	0.0	0.0	1.0	0.0	0.0	0.0	0.0	
J	0.0	1.0	0.0	0.0	0.0	0.0	0.0	
visited	0.0	0.0	1.0	0.0	0.0	0.0	0.0	
suburb	0.0	1.0	0.0	0.0	0.0	0.0	0.0	
times	0.0	1.0	0.0	0.0	0.0	0.0	0.0	
Syndrome	0.0	1.0	0.0	0.0	0.0	0.0	0.0	
grew	0.0	0.0	1.0	0.0	0.0	0.0	0.0	
foundation	0.0	1.0	0.0	0.0	0.0	0.0	0.0	
trial	0.0	1.0	0.0	0.0	0.0	0.0	0.0	
X	0.0	0.0	0.0	0.0	0.0	1.0	0.0	
sophisticated	0.0	0.0	0.0	1.0	0.0	0.0	0.0	
Romance	0.0	1.0	0.0	0.0	0.0	0.0	0.0	
a	0.0	0.0	0.0	0.0	0.017045454545454544	0.9829545454545454	0.0	
AIDS	0.0	1.0	0.0	0.0	0.0	0.0	0.0	
gardens	0.0	1.0	0.0	0.0	0.0	0.0	0.0	
join	0.0	0.0	1.0	0.0	0.0	0.0	0.0	
enjoy	0.0	0.0	1.0	0.0	0.0	0.0	0.0	
Cedria	0.0	0.5	0.0	0.0	0.0	0.5	0.0	
50p	0.0	1.0	0.0	0.0	0.0	0.0	0.0	
new	0.0	0.0	0.0	1.0	0.0	0.0	0.0	
red	0.0	0.0	0.0	0.0	0.0	1.0	0.0	
including	0.0	0.0	0.0	0.0	0.0	1.0	0.0	
days	0.0	1.0	0.0	0.0	0.0	0.0	0.0	
having	0.0	0.0	1.0	0.0	0.0	0.0	0.0	
novels	0.0	1.0	0.0	0.0	0.0	0.0	0.0	
advice	0.0	1.0	0.0	0.0	0.0	0.0	0.0	
zone	0.0	1.0	0.0	0.0	0.0	0.0	0.0	
change	0.0	0.5	0.5	0.0	0.0	0.0	0.0	
moves	0.0	0.0	1.0	0.0	0.0	0.0	0.0	
took	0.0	0.0	1.0	0.0	0.0	0.0	0.0	
lead	0.0	0.0	1.0	0.0	0.0	0.0	0.0	
spoken	0.0	0.0	1.0	0.0	0.0	0.0	0.0	
infected	0.0	0.0	0.4	0.2	0.0	0.4	0.0	
John	0.0	1.0	0.0	0.0	0.0	0.0	0.0	
futility	0.0	1.0	0.0	0.0	0.0	0.0	0.0	
capital	0.0	1.0	0.0	0.0	0.0	0.0	0.0	
7th	0.0	0.0	0.0	0.0	0.0	1.0	0.0	
medical	0.0	0.0	0.0	1.0	0.0	0.0	0.0	
Brian	0.0	1.0	0.0	0.0	0.0	0.0	0.0	
basic	0.0	0.0	0.0	1.0	0.0	0.0	0.0	
priority	0.0	1.0	0.0	0.0	0.0	0.0	0.0	
reputation	0.0	1.0	0.0	0.0	0.0	0.0	0.0	
jam	0.0	0.0	0.0	0.0	0.0	1.0	0.0	
North	0.0	1.0	0.0	0.0	0.0	0.0	0.0	
delighted	0.0	0.0	0.0	1.0	0.0	0.0	0.0	
Between	0.0	0.0	0.0	0.0	0.0	1.0	0.0	
partnership	0.0	1.0	0.0	0.0	0.0	0.0	0.0	
tensions	0.0	1.0	0.0	0.0	0.0	0.0	0.0	
imparted	0.0	0.0	1.0	0.0	0.0	0.0	0.0	
far	0.0	0.0	0.0	0.0	1.0	0.0	0.0	
double	0.0	0.0	1.0	0.0	0.0	0.0	0.0	
much	0.0	0.0	0.0	0.0	0.16666666666666666	0.8333333333333334	0.0	
country	0.0	1.0	0.0	0.0	0.0	0.0	0.0	
Russell	0.0	1.0	0.0	0.0	0.0	0.0	0.0	
particularly	0.0	0.0	0.0	0.0	1.0	0.0	0.0	
involved	0.0	0.0	0.25	0.625	0.0	0.125	0.0	
often	0.0	0.0	0.0	0.0	1.0	0.0	0.0	
areas	0.0	1.0	0.0	0.0	0.0	0.0	0.0	
Cliff	0.0	0.5	0.0	0.0	0.0	0.5	0.0	
COFFEE	0.0	1.0	0.0	0.0	0.0	0.0	0.0	
fewer	0.0	0.0	0.0	0.0	0.0	1.0	0.0	
make	0.0	0.0	1.0	0.0	0.0	0.0	0.0	
room	0.0	1.0	0.0	0.0	0.0	0.0	0.0	
African	0.0	0.0	0.0	1.0	0.0	0.0	0.0	
distant	0.0	0.0	0.0	1.0	0.0	0.0	0.0	
occasion	0.0	1.0	0.0	0.0	0.0	0.0	0.0	
tried	0.0	0.0	0.0	0.0	0.0	1.0	0.0	
through	0.0	0.0	0.0	0.0	0.0	1.0	0.0	
education	0.0	1.0	0.0	0.0	0.0	0.0	0.0	
business	0.0	1.0	0.0	0.0	0.0	0.0	0.0	
completely	0.0	0.0	0.0	0.0	1.0	0.0	0.0	
Your	0.0	0.0	0.0	0.0	0.0	1.0	0.0	
following	0.0	0.0	0.0	1.0	0.0	0.0	0.0	
possible	0.0	0.0	0.0	1.0	0.0	0.0	0.0	
especially	0.0	0.0	0.0	0.0	1.0	0.0	0.0	
Charing	0.0	1.0	0.0	0.0	0.0	0.0	0.0	
Manager	0.0	1.0	0.0	0.0	0.0	0.0	0.0	
TWO	0.0	0.0	0.0	0.0	0.0	1.0	0.0	
Sue	0.0	1.0	0.0	0.0	0.0	0.0	0.0	
trained	0.0	0.0	1.0	0.0	0.0	0.0	0.0	
Tear	0.0	0.5	0.0	0.0	0.0	0.5	0.0	
Friday	0.0	1.0	0.0	0.0	0.0	0.0	0.0	
circulate	0.0	0.0	1.0	0.0	0.0	0.0	0.0	
population	0.0	1.0	0.0	0.0	0.0	0.0	0.0	
Beauty	0.0	1.0	0.0	0.0	0.0	0.0	0.0	
New	0.0	0.0	0.0	1.0	0.0	0.0	0.0	
equal	0.0	0.0	0.0	1.0	0.0	0.0	0.0	
main	0.0	0.0	0.0	1.0	0.0	0.0	0.0	
confront	0.0	0.0	1.0	0.0	0.0	0.0	0.0	
expected	0.0	0.0	0.5	0.0	0.0	0.5	0.0	
which	0.0	0.0	0.0	0.0	0.0	1.0	0.0	
helping	0.0	0.0	1.0	0.0	0.0	0.0	0.0	
inside	0.0	0.0	0.0	0.0	1.0	0.0	0.0	
maid	0.0	1.0	0.0	0.0	0.0	0.0	0.0	
nursing	0.0	0.14285714285714285	0.0	0.14285714285714285	0.0	0.7142857142857143	0.0	
assessment	0.0	1.0	0.0	0.0	0.0	0.0	0.0	
Whether	0.0	0.0	0.0	0.0	0.0	1.0	0.0	
Volunteer	0.0	0.3333333333333333	0.0	0.0	0.0	0.6666666666666666	0.0	
impressed	0.0	0.0	0.0	1.0	0.0	0.0	0.0	
jobs	0.0	1.0	0.0	0.0	0.0	0.0	0.0	
Nobody	0.0	1.0	0.0	0.0	0.0	0.0	0.0	
Abdul	0.0	1.0	0.0	0.0	0.0	0.0	0.0	
carried	0.0	0.0	1.0	0.0	0.0	0.0	0.0	
novelist	0.0	1.0	0.0	0.0	0.0	0.0	0.0	
Northern	0.0	1.0	0.0	0.0	0.0	0.0	0.0	
obvious	0.0	0.0	0.0	1.0	0.0	0.0	0.0	
help	0.0	0.5	0.35714285714285715	0.0	0.0	0.14285714285714285	0.0	
Issue	0.0	0.0	0.0	0.0	0.0	1.0	0.0	
administer	0.0	0.0	1.0	0.0	0.0	0.0	0.0	
social	0.0	0.0	0.0	1.0	0.0	0.0	0.0	
recently	0.0	0.0	0.0	0.0	1.0	0.0	0.0	
glimpsed	0.0	0.0	1.0	0.0	0.0	0.0	0.0	
report	0.0	0.6666666666666666	0.3333333333333333	0.0	0.0	0.0	0.0	
Ten	0.0	0.0	0.0	0.0	0.0	1.0	0.0	
breathless	0.0	0.0	0.0	1.0	0.0	0.0	0.0	
reported	0.0	0.0	0.4	0.0	0.0	0.6	0.0	
rot	0.0	0.0	1.0	0.0	0.0	0.0	0.0	
Published	0.0	0.0	0.0	0.0	0.0	1.0	0.0	
support	0.0	0.5	0.2857142857142857	0.0	0.0	0.21428571428571427	0.0	
periphery	0.0	1.0	0.0	0.0	0.0	0.0	0.0	
identify	0.0	0.0	1.0	0.0	0.0	0.0	0.0	
job	0.0	1.0	0.0	0.0	0.0	0.0	0.0	
health	0.0	1.0	0.0	0.0	0.0	0.0	0.0	
epidemic	0.0	1.0	0.0	0.0	0.0	0.0	0.0	
verges	0.0	1.0	0.0	0.0	0.0	0.0	0.0	
scene	0.0	1.0	0.0	0.0	0.0	0.0	0.0	
Romania	0.0	1.0	0.0	0.0	0.0	0.0	0.0	
pupils	0.0	1.0	0.0	0.0	0.0	0.0	0.0	
Westminster	0.0	1.0	0.0	0.0	0.0	0.0	0.0	
upon	0.0	0.0	0.0	0.0	0.0	1.0	0.0	
television	0.0	1.0	0.0	0.0	0.0	0.0	0.0	
broad	0.0	0.0	0.0	1.0	0.0	0.0	0.0	
Ireland	0.0	1.0	0.0	0.0	0.0	0.0	0.0	
space	0.0	1.0	0.0	0.0	0.0	0.0	0.0	
decision	0.0	1.0	0.0	0.0	0.0	0.0	0.0	
mountains	0.0	1.0	0.0	0.0	0.0	0.0	0.0	
Interest	0.0	1.0	0.0	0.0	0.0	0.0	0.0	
boys	0.0	1.0	0.0	0.0	0.0	0.0	0.0	
publicity	0.0	1.0	0.0	0.0	0.0	0.0	0.0	
identifying	0.0	0.0	1.0	0.0	0.0	0.0	0.0	
held	0.0	0.0	0.5	0.0	0.0	0.5	0.0	
responding	0.0	0.0	1.0	0.0	0.0	0.0	0.0	
officials	0.0	1.0	0.0	0.0	0.0	0.0	0.0	
marijuana	0.0	1.0	0.0	0.0	0.0	0.0	0.0	
pressures	0.0	1.0	0.0	0.0	0.0	0.0	0.0	
newsroom	0.0	1.0	0.0	0.0	0.0	0.0	0.0	
thinks	0.0	0.0	1.0	0.0	0.0	0.0	0.0	
club	0.0	1.0	0.0	0.0	0.0	0.0	0.0	
heterosexually	0.0	0.0	0.0	0.0	1.0	0.0	0.0	
telephone	0.0	1.0	0.0	0.0	0.0	0.0	0.0	
Tayside	0.0	1.0	0.0	0.0	0.0	0.0	0.0	
single	0.0	0.0	0.0	1.0	0.0	0.0	0.0	
Authorities	0.0	1.0	0.0	0.0	0.0	0.0	0.0	
tends	0.0	0.0	1.0	0.0	0.0	0.0	0.0	
initiatives	0.0	1.0	0.0	0.0	0.0	0.0	0.0	
CAH	0.0	0.0	0.0	0.0	0.0	1.0	0.0	
publicise	0.0	0.0	1.0	0.0	0.0	0.0	0.0	
OPERATIONS	0.0	1.0	0.0	0.0	0.0	0.0	0.0	
every	0.0	0.0	0.0	0.0	0.0	1.0	0.0	
where	0.0	0.0	0.0	0.0	0.3	0.7	0.0	
NEWS	0.0	1.0	0.0	0.0	0.0	0.0	0.0	
almost	0.0	0.0	0.0	0.0	1.0	0.0	0.0	
rare	0.0	0.0	0.0	1.0	0.0	0.0	0.0	
experiment	0.0	1.0	0.0	0.0	0.0	0.0	0.0	
action	0.0	1.0	0.0	0.0	0.0	0.0	0.0	
CAR	0.0	1.0	0.0	0.0	0.0	0.0	0.0	
obscure	0.0	0.0	1.0	0.0	0.0	0.0	0.0	
writer	0.0	1.0	0.0	0.0	0.0	0.0	0.0	
darkness	0.0	1.0	0.0	0.0	0.0	0.0	0.0	
eye	0.0	1.0	0.0	0.0	0.0	0.0	0.0	
schoolgirl	0.0	1.0	0.0	0.0	0.0	0.0	0.0	
contract	0.0	1.0	0.0	0.0	0.0	0.0	0.0	
clothes	0.0	1.0	0.0	0.0	0.0	0.0	0.0	
easier	0.0	0.0	0.0	0.0	1.0	0.0	0.0	
here	0.0	0.0	0.0	0.0	1.0	0.0	0.0	
clarified	0.0	0.0	1.0	0.0	0.0	0.0	0.0	
Enthusiasts	0.0	1.0	0.0	0.0	0.0	0.0	0.0	
500	0.0	0.0	0.0	0.0	0.0	1.0	0.0	
Despite	0.0	0.0	0.0	0.0	0.0	1.0	0.0	
Jamal	0.0	1.0	0.0	0.0	0.0	0.0	0.0	
WITH	0.0	0.0	0.0	0.0	0.0	1.0	0.0	
decay	0.0	0.0	0.0	0.0	0.0	1.0	0.0	
Black	0.0	0.0	0.0	1.0	0.0	0.0	0.0	
JUMBLE	0.0	0.0	0.0	0.0	0.0	1.0	0.0	
coordinated	0.0	0.0	1.0	0.0	0.0	0.0	0.0	
chest	0.0	1.0	0.0	0.0	0.0	0.0	0.0	
circle	0.0	1.0	0.0	0.0	0.0	0.0	0.0	
disease	0.0	1.0	0.0	0.0	0.0	0.0	0.0	
investment	0.0	1.0	0.0	0.0	0.0	0.0	0.0	
while	0.0	0.2	0.0	0.0	0.0	0.8	0.0	
Help	0.0	0.0	0.0	0.0	0.0	1.0	0.0	
paths	0.0	1.0	0.0	0.0	0.0	0.0	0.0	
rate	0.0	1.0	0.0	0.0	0.0	0.0	0.0	
November	0.0	1.0	0.0	0.0	0.0	0.0	0.0	
develop	0.0	0.0	1.0	0.0	0.0	0.0	0.0	
lonely	0.0	0.0	0.0	1.0	0.0	0.0	0.0	
major	0.0	0.0	0.0	1.0	0.0	0.0	0.0	
Shaftesbury	0.0	1.0	0.0	0.0	0.0	0.0	0.0	
081	0.0	0.0	0.0	0.0	0.0	1.0	0.0	
into	0.0	0.0	0.0	0.0	0.0	1.0	0.0	
problem	0.0	1.0	0.0	0.0	0.0	0.0	0.0	
riots	0.0	1.0	0.0	0.0	0.0	0.0	0.0	
shifted	0.0	0.0	1.0	0.0	0.0	0.0	0.0	
deepening	0.0	0.0	1.0	0.0	0.0	0.0	0.0	
things	0.0	1.0	0.0	0.0	0.0	0.0	0.0	
spread	0.0	1.0	0.0	0.0	0.0	0.0	0.0	
sponsored	0.0	0.0	0.5	0.0	0.0	0.5	0.0	
professionals	0.0	1.0	0.0	0.0	0.0	0.0	0.0	
limited	0.0	0.0	1.0	0.0	0.0	0.0	0.0	
appear	0.0	0.0	1.0	0.0	0.0	0.0	0.0	
discussion	0.0	1.0	0.0	0.0	0.0	0.0	0.0	
clinic	0.0	1.0	0.0	0.0	0.0	0.0	0.0	
treatment	0.0	1.0	0.0	0.0	0.0	0.0	0.0	
maintain	0.0	0.0	1.0	0.0	0.0	0.0	0.0	
everyday	0.0	0.0	0.0	1.0	0.0	0.0	0.0	
unassailable	0.0	0.0	0.0	1.0	0.0	0.0	0.0	
its	0.0	0.0	0.0	0.0	0.0	1.0	0.0	
Property	0.0	1.0	0.0	0.0	0.0	0.0	0.0	
teachers	0.0	1.0	0.0	0.0	0.0	0.0	0.0	
exactly	0.0	0.0	0.0	0.0	1.0	0.0	0.0	
BBC	0.0	1.0	0.0	0.0	0.0	0.0	0.0	
although	0.0	0.0	0.0	0.0	0.0	1.0	0.0	
basically	0.0	0.0	0.0	0.0	1.0	0.0	0.0	
Thursday	0.0	1.0	0.0	0.0	0.0	0.0	0.0	
communicate	0.0	0.0	1.0	0.0	0.0	0.0	0.0	
year	0.0	1.0	0.0	0.0	0.0	0.0	0.0	
feature	0.0	1.0	0.0	0.0	0.0	0.0	0.0	
enquiries	0.0	1.0	0.0	0.0	0.0	0.0	0.0	
worldwide	0.0	0.0	0.0	0.6666666666666666	0.3333333333333333	0.0	0.0	
rioting	0.0	1.0	0.0	0.0	0.0	0.0	0.0	
October	0.0	1.0	0.0	0.0	0.0	0.0	0.0	
selling	0.0	0.0	1.0	0.0	0.0	0.0	0.0	
relatively	0.0	0.0	0.0	0.0	1.0	0.0	0.0	
hospice	0.0	1.0	0.0	0.0	0.0	0.0	0.0	
under	0.0	0.0	0.0	0.0	0.0	1.0	0.0	
suggest	0.0	0.0	1.0	0.0	0.0	0.0	0.0	
discussing	0.0	0.0	1.0	0.0	0.0	0.0	0.0	
Christians	0.0	1.0	0.0	0.0	0.0	0.0	0.0	
Port	0.0	1.0	0.0	0.0	0.0	0.0	0.0	
system	0.0	1.0	0.0	0.0	0.0	0.0	0.0	
terrible	0.0	0.0	0.0	1.0	0.0	0.0	0.0	
APPOINTED	0.0	0.0	1.0	0.0	0.0	0.0	0.0	
press	0.0	1.0	0.0	0.0	0.0	0.0	0.0	
patron	0.0	1.0	0.0	0.0	0.0	0.0	0.0	
She	0.0	1.0	0.0	0.0	0.0	0.0	0.0	
corpses	0.0	1.0	0.0	0.0	0.0	0.0	0.0	
run	0.0	0.0	1.0	0.0	0.0	0.0	0.0	
life	0.0	1.0	0.0	0.0	0.0	0.0	0.0	
written	0.0	0.0	1.0	0.0	0.0	0.0	0.0	
worked	0.0	0.0	0.0	0.0	0.0	1.0	0.0	
worker	0.0	1.0	0.0	0.0	0.0	0.0	0.0	
pick	0.0	0.0	1.0	0.0	0.0	0.0	0.0	
Southwick	0.0	1.0	0.0	0.0	0.0	0.0	0.0	
longterm	0.0	0.0	0.0	0.0	0.0	1.0	0.0	
Racism	0.0	1.0	0.0	0.0	0.0	0.0	0.0	
solidarity	0.0	1.0	0.0	0.0	0.0	0.0	0.0	
Act	0.0	1.0	0.0	0.0	0.0	0.0	0.0	
Wuthering	0.0	0.0	1.0	0.0	0.0	0.0	0.0	
young	0.0	0.0	0.0	1.0	0.0	0.0	0.0	
grants	0.0	0.5	0.0	0.0	0.0	0.5	0.0	
garden	0.0	1.0	0.0	0.0	0.0	0.0	0.0	
world	0.0	1.0	0.0	0.0	0.0	0.0	0.0	
smoulder	0.0	0.0	0.0	0.0	0.0	1.0	0.0	
become	0.0	0.0	1.0	0.0	0.0	0.0	0.0	
THE	0.0	0.0	0.0	0.0	0.0	1.0	0.0	
exported	0.0	0.0	0.0	0.0	0.0	1.0	0.0	
must	0.0	0.0	1.0	0.0	0.0	0.0	0.0	
organisations	0.0	1.0	0.0	0.0	0.0	0.0	0.0	
Surviving	0.0	0.0	1.0	0.0	0.0	0.0	0.0	
curious	0.0	0.0	0.0	1.0	0.0	0.0	0.0	
friends	0.0	1.0	0.0	0.0	0.0	0.0	0.0	
practical	0.0	0.0	0.0	1.0	0.0	0.0	0.0	
Monday	0.0	1.0	0.0	0.0	0.0	0.0	0.0	
subsequently	0.0	0.0	0.0	0.0	1.0	0.0	0.0	
care	0.0	0.5806451612903226	0.03225806451612903	0.0	0.0	0.3870967741935484	0.0	
Internal	0.0	0.0	0.0	1.0	0.0	0.0	0.0	
Sex	0.0	1.0	0.0	0.0	0.0	0.0	0.0	
presented	0.0	0.0	1.0	0.0	0.0	0.0	0.0	
enabled	0.0	0.0	1.0	0.0	0.0	0.0	0.0	
EDITOR	0.0	1.0	0.0	0.0	0.0	0.0	0.0	
Adams	0.0	1.0	0.0	0.0	0.0	0.0	0.0	
forest	0.0	1.0	0.0	0.0	0.0	0.0	0.0	
places	0.0	1.0	0.0	0.0	0.0	0.0	0.0	
youth	0.0	1.0	0.0	0.0	0.0	0.0	0.0	
explains	0.0	0.0	1.0	0.0	0.0	0.0	0.0	
Advisory	0.0	0.0	0.0	1.0	0.0	0.0	0.0	
Lore	0.0	1.0	0.0	0.0	0.0	0.0	0.0	
shabby	0.0	0.0	0.0	1.0	0.0	0.0	0.0	
Parish	0.0	1.0	0.0	0.0	0.0	0.0	0.0	
unimportant	0.0	0.0	0.0	1.0	0.0	0.0	0.0	
early	0.0	0.0	0.0	1.0	0.0	0.0	0.0	
Peter	0.0	1.0	0.0	0.0	0.0	0.0	0.0	
Health	0.0	1.0	0.0	0.0	0.0	0.0	0.0	
era	0.0	1.0	0.0	0.0	0.0	0.0	0.0	
regions	0.0	1.0	0.0	0.0	0.0	0.0	0.0	
acute	0.0	0.0	0.0	1.0	0.0	0.0	0.0	
leaving	0.0	0.0	1.0	0.0	0.0	0.0	0.0	
Coast	0.0	1.0	0.0	0.0	0.0	0.0	0.0	
compassionate	0.0	0.0	0.0	1.0	0.0	0.0	0.0	
question	0.0	1.0	0.0	0.0	0.0	0.0	0.0	
Loss	0.0	1.0	0.0	0.0	0.0	0.0	0.0	
WALK	0.0	1.0	0.0	0.0	0.0	0.0	0.0	
Over	0.0	0.0	0.0	0.0	0.25	0.75	0.0	
Resource	0.0	0.5	0.0	0.0	0.0	0.5	0.0	
Training	0.0	1.0	0.0	0.0	0.0	0.0	0.0	
strength	0.0	1.0	0.0	0.0	0.0	0.0	0.0	
community	0.0	1.0	0.0	0.0	0.0	0.0	0.0	
soon	0.0	0.0	0.0	0.0	1.0	0.0	0.0	
general	0.0	0.0	0.0	1.0	0.0	0.0	0.0	
appointment	0.0	1.0	0.0	0.0	0.0	0.0	0.0	
representative	0.0	1.0	0.0	0.0	0.0	0.0	0.0	
Government	0.0	1.0	0.0	0.0	0.0	0.0	0.0	
seven	0.0	0.0	0.0	0.0	0.0	1.0	0.0	
originally	0.0	0.0	0.0	0.0	1.0	0.0	0.0	
lessening	0.0	0.0	1.0	0.0	0.0	0.0	0.0	
commune	0.0	1.0	0.0	0.0	0.0	0.0	0.0	
HALF	0.0	0.0	0.0	0.0	0.0	1.0	0.0	
very	0.0	0.0	0.0	0.0	1.0	0.0	0.0	
Some	0.0	0.0	0.0	0.0	0.0	1.0	0.0	
Organise	0.0	0.0	1.0	0.0	0.0	0.0	0.0	
Catholic	0.0	0.0	0.0	0.0	0.0	1.0	0.0	
Portsmouth	0.0	1.0	0.0	0.0	0.0	0.0	0.0	
amazed	0.0	0.0	0.0	1.0	0.0	0.0	0.0	
revolution	0.0	1.0	0.0	0.0	0.0	0.0	0.0	
Brighton	0.0	1.0	0.0	0.0	0.0	0.0	0.0	
feels	0.0	0.0	1.0	0.0	0.0	0.0	0.0	
Free	0.0	0.0	0.0	1.0	0.0	0.0	0.0	
After	0.0	0.0	0.0	0.0	0.0	1.0	0.0	
elsewhere	0.0	0.0	0.0	0.0	1.0	0.0	0.0	
stock	0.0	1.0	0.0	0.0	0.0	0.0	0.0	
transmitted	0.0	0.0	0.5	0.0	0.0	0.5	0.0	
arrived	0.0	0.0	1.0	0.0	0.0	0.0	0.0	
working	0.0	0.0	1.0	0.0	0.0	0.0	0.0	
favourite	0.0	0.0	0.0	0.0	0.0	1.0	0.0	
sold	0.0	0.0	1.0	0.0	0.0	0.0	0.0	
again	0.0	0.0	0.0	0.0	1.0	0.0	0.0	
aborigines	0.0	1.0	0.0	0.0	0.0	0.0	0.0	
Air	0.0	1.0	0.0	0.0	0.0	0.0	0.0	
like	0.0	0.0	0.2857142857142857	0.0	0.0	0.7142857142857143	0.0	
overseas	0.0	0.0	0.0	0.0	1.0	0.0	0.0	
receiving	0.0	0.0	0.5	0.0	0.0	0.5	0.0	
many	0.0	0.0	0.0	0.0	0.0	1.0	0.0	
not	0.0	0.0	0.0	0.0	0.0	1.0	0.0	
protesting	0.0	0.0	1.0	0.0	0.0	0.0	0.0	
nor	0.0	0.0	0.0	0.0	0.0	1.0	0.0	
probable	0.0	0.0	0.0	1.0	0.0	0.0	0.0	
happened	0.0	0.0	1.0	0.0	0.0	0.0	0.0	
start	0.0	1.0	0.0	0.0	0.0	0.0	0.0	
grown	0.0	0.0	1.0	0.0	0.0	0.0	0.0	
now	0.0	0.0	0.0	0.0	1.0	0.0	0.0	
covers	0.0	0.0	1.0	0.0	0.0	0.0	0.0	
say	0.0	0.0	1.0	0.0	0.0	0.0	0.0	
combination	0.0	1.0	0.0	0.0	0.0	0.0	0.0	
myself	0.0	1.0	0.0	0.0	0.0	0.0	0.0	
saw	0.0	0.0	1.0	0.0	0.0	0.0	0.0	
Constanta	0.0	1.0	0.0	0.0	0.0	0.0	0.0	
years	0.0	1.0	0.0	0.0	0.0	0.0	0.0	
approaches	0.0	1.0	0.0	0.0	0.0	0.0	0.0	
some	0.0	0.0	0.0	0.0	0.0	1.0	0.0	
outside	0.0	0.0	0.0	0.0	0.5	0.5	0.0	
Acet	0.0	1.0	0.0	0.0	0.0	0.0	0.0	
2245302	0.0	0.0	0.0	0.0	0.0	1.0	0.0	
range	0.0	1.0	0.0	0.0	0.0	0.0	0.0	
line	0.0	1.0	0.0	0.0	0.0	0.0	0.0	
This	0.0	0.0	0.0	0.0	0.0	1.0	0.0	
escape	0.0	1.0	0.0	0.0	0.0	0.0	0.0	
attitude	0.0	1.0	0.0	0.0	0.0	0.0	0.0	
words	0.0	1.0	0.0	0.0	0.0	0.0	0.0	
February	0.0	1.0	0.0	0.0	0.0	0.0	0.0	
starting	0.0	0.0	1.0	0.0	0.0	0.0	0.0	
probably	0.0	0.0	0.0	0.0	1.0	0.0	0.0	
mind	0.0	1.0	0.0	0.0	0.0	0.0	0.0	
district	0.0	1.0	0.0	0.0	0.0	0.0	0.0	
end	0.0	1.0	0.0	0.0	0.0	0.0	0.0	
launched	0.0	0.0	1.0	0.0	0.0	0.0	0.0	
nurses	0.0	1.0	0.0	0.0	0.0	0.0	0.0	
Jonathan	0.0	1.0	0.0	0.0	0.0	0.0	0.0	
corner	0.0	1.0	0.0	0.0	0.0	0.0	0.0	
celebrations	0.0	1.0	0.0	0.0	0.0	0.0	0.0	
already	0.0	0.0	0.0	0.0	1.0	0.0	0.0	
Thrushcross	0.0	1.0	0.0	0.0	0.0	0.0	0.0	
process	0.0	0.5	0.0	0.0	0.0	0.5	0.0	
really	0.0	0.0	0.0	0.0	1.0	0.0	0.0	
represents	0.0	0.0	1.0	0.0	0.0	0.0	0.0	
Anglican	0.0	0.0	0.0	0.0	0.0	1.0	0.0	
Heights	0.0	1.0	0.0	0.0	0.0	0.0	0.0	
successfully	0.0	0.0	0.0	0.0	1.0	0.0	0.0	
brother	0.0	1.0	0.0	0.0	0.0	0.0	0.0	
discerns	0.0	0.0	1.0	0.0	0.0	0.0	0.0	
Superintendent	0.0	1.0	0.0	0.0	0.0	0.0	0.0	
proceeds	0.0	1.0	0.0	0.0	0.0	0.0	0.0	
subjects	0.0	1.0	0.0	0.0	0.0	0.0	0.0	
plight	0.0	1.0	0.0	0.0	0.0	0.0	0.0	
Reggae	0.0	1.0	0.0	0.0	0.0	0.0	0.0	
stabbed	0.0	0.0	1.0	0.0	0.0	0.0	0.0	
courage	0.0	1.0	0.0	0.0	0.0	0.0	0.0	
All	0.0	0.0	0.0	0.0	0.25	0.75	0.0	
heat	0.0	1.0	0.0	0.0	0.0	0.0	0.0	
Forward	0.0	0.0	0.0	0.0	1.0	0.0	0.0	
Praise	0.0	1.0	0.0	0.0	0.0	0.0	0.0	
toward	0.0	0.0	0.0	0.0	0.0	1.0	0.0	
HOLD	0.0	0.0	1.0	0.0	0.0	0.0	0.0	
AND	0.0	0.0	0.0	0.0	0.0	1.0	0.0	
Brasov	0.0	1.0	0.0	0.0	0.0	0.0	0.0	
Bristow	0.0	1.0	0.0	0.0	0.0	0.0	0.0	
fund	0.0	0.0	1.0	0.0	0.0	0.0	0.0	
School	0.0	1.0	0.0	0.0	0.0	0.0	0.0	
cake	0.0	1.0	0.0	0.0	0.0	0.0	0.0	
BOX	0.0	1.0	0.0	0.0	0.0	0.0	0.0	
dream	0.0	1.0	0.0	0.0	0.0	0.0	0.0	
visitors	0.0	1.0	0.0	0.0	0.0	0.0	0.0	
agencies	0.0	1.0	0.0	0.0	0.0	0.0	0.0	
defecting	0.0	0.0	0.0	1.0	0.0	0.0	0.0	
commented	0.0	0.0	1.0	0.0	0.0	0.0	0.0	
HAVE	0.0	0.0	1.0	0.0	0.0	0.0	0.0	
They	0.0	1.0	0.0	0.0	0.0	0.0	0.0	
Millett	0.0	1.0	0.0	0.0	0.0	0.0	0.0	
policy	0.0	1.0	0.0	0.0	0.0	0.0	0.0	
Hampshire	0.0	1.0	0.0	0.0	0.0	0.0	0.0	
known	0.0	0.0	1.0	0.0	0.0	0.0	0.0	
Ana	0.0	0.6666666666666666	0.0	0.0	0.0	0.3333333333333333	0.0	
characters	0.0	1.0	0.0	0.0	0.0	0.0	0.0	
And	0.0	0.0	0.0	0.0	0.0	1.0	0.0	
Meanwhile	0.0	0.0	0.0	0.0	1.0	0.0	0.0	
call	0.0	0.5	0.3333333333333333	0.0	0.0	0.16666666666666666	0.0	
Any	0.0	0.0	0.0	0.0	0.0	1.0	0.0	
Operations	0.0	1.0	0.0	0.0	0.0	0.0	0.0	
increased	0.0	0.0	1.0	0.0	0.0	0.0	0.0	
breaks	0.0	0.0	1.0	0.0	0.0	0.0	0.0	
Then	0.0	0.0	0.0	0.0	1.0	0.0	0.0	
virus	0.0	1.0	0.0	0.0	0.0	0.0	0.0	
currently	0.0	0.0	0.0	0.0	1.0	0.0	0.0	
because	0.0	0.0	0.0	0.0	0.0	1.0	0.0	
magazine	0.0	1.0	0.0	0.0	0.0	0.0	0.0	
another	0.0	0.0	0.0	0.0	0.0	1.0	0.0	
Florence	0.0	1.0	0.0	0.0	0.0	0.0	0.0	
full	0.0	0.0	0.0	1.0	0.0	0.0	0.0	
increases	0.0	0.0	1.0	0.0	0.0	0.0	0.0	
leader	0.0	1.0	0.0	0.0	0.0	0.0	0.0	
finding	0.0	0.0	1.0	0.0	0.0	0.0	0.0	
dramatic	0.0	0.0	0.0	1.0	0.0	0.0	0.0	
making	0.0	0.0	1.0	0.0	0.0	0.0	0.0	
construed	0.0	0.0	1.0	0.0	0.0	0.0	0.0	
Road	0.0	1.0	0.0	0.0	0.0	0.0	0.0	
surrounds	0.0	0.0	1.0	0.0	0.0	0.0	0.0	
check	0.0	0.0	0.0	0.0	0.0	1.0	0.0	
vision	0.0	1.0	0.0	0.0	0.0	0.0	0.0	
volunteers	0.0	1.0	0.0	0.0	0.0	0.0	0.0	
unnecessarily	0.0	0.0	0.0	0.0	1.0	0.0	0.0	
painful	0.0	0.0	0.0	1.0	0.0	0.0	0.0	
complexion	0.0	1.0	0.0	0.0	0.0	0.0	0.0	
came	0.0	0.0	1.0	0.0	0.0	0.0	0.0	
transistors	0.0	1.0	0.0	0.0	0.0	0.0	0.0	
Not	0.0	0.0	0.0	0.0	0.0	1.0	0.0	
HOME	0.0	1.0	0.0	0.0	0.0	0.0	0.0	
County	0.0	1.0	0.0	0.0	0.0	0.0	0.0	
address	0.0	0.0	1.0	0.0	0.0	0.0	0.0	
Practical	0.0	0.0	0.0	1.0	0.0	0.0	0.0	
special	0.0	0.0	0.0	1.0	0.0	0.0	0.0	
rumoured	0.0	0.0	1.0	0.0	0.0	0.0	0.0	
benefits	0.0	0.0	1.0	0.0	0.0	0.0	0.0	
group	0.0	1.0	0.0	0.0	0.0	0.0	0.0	
miss	0.0	1.0	0.0	0.0	0.0	0.0	0.0	
average	0.0	1.0	0.0	0.0	0.0	0.0	0.0	
total	0.0	0.5	0.0	0.5	0.0	0.0	0.0	
need	0.0	0.42105263157894735	0.42105263157894735	0.0	0.0	0.15789473684210525	0.0	
benefit	0.0	1.0	0.0	0.0	0.0	0.0	0.0	
West	0.0	1.0	0.0	0.0	0.0	0.0	0.0	
recruited	0.0	0.0	1.0	0.0	0.0	0.0	0.0	
higher	0.0	0.0	0.0	1.0	0.0	0.0	0.0	
covering	0.0	0.0	1.0	0.0	0.0	0.0	0.0	
visit	0.0	0.8333333333333334	0.0	0.0	0.0	0.16666666666666666	0.0	
featured	0.0	0.0	0.5	0.0	0.0	0.5	0.0	
wait	0.0	0.0	0.5	0.0	0.0	0.5	0.0	
Cross	0.0	1.0	0.0	0.0	0.0	0.0	0.0	
University	0.0	1.0	0.0	0.0	0.0	0.0	0.0	
becoming	0.0	0.0	0.5	0.0	0.0	0.5	0.0	
over	0.0	0.0	0.0	0.0	0.6666666666666666	0.3333333333333333	0.0	
150	0.0	0.0	0.0	0.0	0.0	1.0	0.0	
located	0.0	0.0	1.0	0.0	0.0	0.0	0.0	
contribution	0.0	1.0	0.0	0.0	0.0	0.0	0.0	
she	0.0	1.0	0.0	0.0	0.0	0.0	0.0	
Board	0.0	0.5	0.0	0.0	0.0	0.5	0.0	
partner	0.0	1.0	0.0	0.0	0.0	0.0	0.0	
But	0.0	0.0	0.0	0.0	0.0	1.0	0.0	
shrift	0.0	1.0	0.0	0.0	0.0	0.0	0.0	
black	0.0	0.0	0.0	1.0	0.0	0.0	0.0	
asked	0.0	0.0	1.0	0.0	0.0	0.0	0.0	
Why	0.0	0.0	0.0	0.0	1.0	0.0	0.0	
death	0.0	1.0	0.0	0.0	0.0	0.0	0.0	
number	0.0	1.0	0.0	0.0	0.0	0.0	0.0	
Capital	0.0	0.0	0.0	0.0	0.0	1.0	0.0	
vulnerable	0.0	0.0	0.0	1.0	0.0	0.0	0.0	
smoke	0.0	0.0	0.0	0.0	0.0	1.0	0.0	
1323	0.0	0.0	0.0	0.0	0.0	1.0	0.0	
further	0.0	0.0	0.0	0.75	0.25	0.0	0.0	
estrangements	0.0	1.0	0.0	0.0	0.0	0.0	0.0	
Third	0.0	0.0	0.0	0.0	0.0	1.0	0.0	
cities	0.0	1.0	0.0	0.0	0.0	0.0	0.0	
Transport	0.0	0.0	0.0	0.0	0.0	1.0	0.0	
400	0.0	0.0	0.0	0.0	0.0	1.0	0.0	
Being	0.0	0.0	1.0	0.0	0.0	0.0	0.0	
HIV	0.0	1.0	0.0	0.0	0.0	0.0	0.0	
explain	0.0	0.0	1.0	0.0	0.0	0.0	0.0	
discovery	0.0	1.0	0.0	0.0	0.0	0.0	0.0	
before	0.0	0.0	0.0	0.0	0.0	1.0	0.0	
exhaustion	0.0	1.0	0.0	0.0	0.0	0.0	0.0	
Teenage	0.0	0.0	0.0	1.0	0.0	0.0	0.0	
Inland	0.0	0.0	0.0	0.0	1.0	0.0	0.0	
seeking	0.0	0.0	1.0	0.0	0.0	0.0	0.0	
antics	0.0	1.0	0.0	0.0	0.0	0.0	0.0	
six	0.0	0.0	0.0	0.0	0.0	1.0	0.0	
slightly	0.0	0.0	0.0	0.0	1.0	0.0	0.0	
Perhaps	0.0	0.0	0.0	0.0	1.0	0.0	0.0	
could	0.0	0.0	1.0	0.0	0.0	0.0	0.0	
Planning	0.0	1.0	0.0	0.0	0.0	0.0	0.0	
joining	0.0	0.0	1.0	0.0	0.0	0.0	0.0	
Glasgow	0.0	1.0	0.0	0.0	0.0	0.0	0.0	
Duke	0.0	1.0	0.0	0.0	0.0	0.0	0.0	
2nd	0.0	0.0	0.0	0.0	0.0	1.0	0.0	
MORNING	0.0	1.0	0.0	0.0	0.0	0.0	0.0	
firm	0.0	0.75	0.0	0.25	0.0	0.0	0.0	
Organisation	0.0	1.0	0.0	0.0	0.0	0.0	0.0	
shy	0.0	0.0	0.0	1.0	0.0	0.0	0.0	
guerrillas	0.0	1.0	0.0	0.0	0.0	0.0	0.0	
living	0.0	0.5	0.5	0.0	0.0	0.0	0.0	
backing	0.0	1.0	0.0	0.0	0.0	0.0	0.0	
talked	0.0	0.0	1.0	0.0	0.0	0.0	0.0	
fire	0.0	1.0	0.0	0.0	0.0	0.0	0.0	
represent	0.0	0.0	1.0	0.0	0.0	0.0	0.0	
College	0.0	1.0	0.0	0.0	0.0	0.0	0.0	
blindness	0.0	1.0	0.0	0.0	0.0	0.0	0.0	
extracted	0.0	0.0	1.0	0.0	0.0	0.0	0.0	
russet	0.0	0.0	0.0	0.0	0.0	1.0	0.0	
counselling	0.0	1.0	0.0	0.0	0.0	0.0	0.0	
elderly	0.0	0.0	0.0	1.0	0.0	0.0	0.0	
returned	0.0	0.0	1.0	0.0	0.0	0.0	0.0	
Symposium	0.0	1.0	0.0	0.0	0.0	0.0	0.0	
body	0.0	1.0	0.0	0.0	0.0	0.0	0.0	
840	0.0	0.0	0.0	0.0	0.0	1.0	0.0	
impossible	0.0	0.0	0.0	1.0	0.0	0.0	0.0	
same	0.0	0.0	0.0	0.0	0.0	1.0	0.0	
enough	0.0	0.0	0.0	0.0	1.0	0.0	0.0	
who	0.0	1.0	0.0	0.0	0.0	0.0	0.0	
doctor	0.0	1.0	0.0	0.0	0.0	0.0	0.0	
close	0.0	0.0	0.0	1.0	0.0	0.0	0.0	
facts	0.0	1.0	0.0	0.0	0.0	0.0	0.0	
key	0.0	0.0	0.0	1.0	0.0	0.0	0.0	
get	0.0	0.0	1.0	0.0	0.0	0.0	0.0	
coup	0.0	1.0	0.0	0.0	0.0	0.0	0.0	
10p	0.0	1.0	0.0	0.0	0.0	0.0	0.0	
stint	0.0	1.0	0.0	0.0	0.0	0.0	0.0	
sale	0.0	1.0	0.0	0.0	0.0	0.0	0.0	
Scotland	0.0	1.0	0.0	0.0	0.0	0.0	0.0	
near	0.0	0.0	0.0	0.0	0.0	1.0	0.0	
fevers	0.0	1.0	0.0	0.0	0.0	0.0	0.0	
against	0.0	0.0	0.0	0.0	0.0	1.0	0.0	
meetings	0.0	1.0	0.0	0.0	0.0	0.0	0.0	
sex	0.0	1.0	0.0	0.0	0.0	0.0	0.0	
Purchased	0.0	0.0	1.0	0.0	0.0	0.0	0.0	
carefully	0.0	0.0	0.0	0.0	1.0	0.0	0.0	
neck	0.0	1.0	0.0	0.0	0.0	0.0	0.0	
set	0.0	0.0	1.0	0.0	0.0	0.0	0.0	
today	0.0	0.0	0.0	0.0	1.0	0.0	0.0	
Boston	0.0	1.0	0.0	0.0	0.0	0.0	0.0	
former	0.0	0.0	0.0	0.0	0.0	1.0	0.0	
Chinee	0.0	0.0	0.0	0.0	0.0	1.0	0.0	
area	0.0	1.0	0.0	0.0	0.0	0.0	0.0	
experience	0.0	0.5	0.0	0.0	0.0	0.5	0.0	
catching	0.0	0.0	1.0	0.0	0.0	0.0	0.0	
signalling	0.0	1.0	0.0	0.0	0.0	0.0	0.0	
individuals	0.0	1.0	0.0	0.0	0.0	0.0	0.0	
five	0.0	0.0	0.0	0.0	0.0	1.0	0.0	
communication	0.0	1.0	0.0	0.0	0.0	0.0	0.0	
desolate	0.0	0.0	0.0	1.0	0.0	0.0	0.0	
sea	0.0	1.0	0.0	0.0	0.0	0.0	0.0	
still	0.0	0.0	0.0	0.0	1.0	0.0	0.0	
vaccine	0.0	1.0	0.0	0.0	0.0	0.0	0.0	
message	0.0	1.0	0.0	0.0	0.0	0.0	0.0	
diminish	0.0	0.0	1.0	0.0	0.0	0.0	0.0	
sandwich	0.0	1.0	0.0	0.0	0.0	0.0	0.0	
see	0.0	0.0	1.0	0.0	0.0	0.0	0.0	
off	0.0	0.0	0.0	0.0	0.75	0.25	0.0	
arrival	0.0	1.0	0.0	0.0	0.0	0.0	0.0	
Programme	0.0	1.0	0.0	0.0	0.0	0.0	0.0	
visits	0.0	0.5	0.5	0.0	0.0	0.0	0.0	
why	0.0	0.0	0.0	0.0	1.0	0.0	0.0	
they	0.0	1.0	0.0	0.0	0.0	0.0	0.0	
Wandsworth	0.0	1.0	0.0	0.0	0.0	0.0	0.0	
Bryant	0.0	1.0	0.0	0.0	0.0	0.0	0.0	
unprepared	0.0	0.0	0.0	1.0	0.0	0.0	0.0	
concern	0.0	1.0	0.0	0.0	0.0	0.0	0.0	
Designed	0.0	0.0	1.0	0.0	0.0	0.0	0.0	
inception	0.0	1.0	0.0	0.0	0.0	0.0	0.0	
cure	0.0	0.0	0.0	0.0	0.0	1.0	0.0	
telephoning	0.0	0.0	1.0	0.0	0.0	0.0	0.0	
rejected	0.0	0.0	1.0	0.0	0.0	0.0	0.0	
combine	0.0	0.0	1.0	0.0	0.0	0.0	0.0	
weekend	0.0	1.0	0.0	0.0	0.0	0.0	0.0	
says	0.0	0.0	1.0	0.0	0.0	0.0	0.0	
only	0.0	0.0	0.0	0.2857142857142857	0.7142857142857143	0.0	0.0	
occurrence	0.0	1.0	0.0	0.0	0.0	0.0	0.0	
educated	0.0	0.0	1.0	0.0	0.0	0.0	0.0	
Basically	0.0	0.0	0.0	0.0	1.0	0.0	0.0	
knife	0.0	1.0	0.0	0.0	0.0	0.0	0.0	
ring	0.0	0.0	1.0	0.0	0.0	0.0	0.0	
herpes	0.0	1.0	0.0	0.0	0.0	0.0	0.0	
services	0.0	1.0	0.0	0.0	0.0	0.0	0.0	
church	0.0	1.0	0.0	0.0	0.0	0.0	0.0	
sighted	0.0	0.0	1.0	0.0	0.0	0.0	0.0	
Gail	0.0	1.0	0.0	0.0	0.0	0.0	0.0	
murdered	0.0	0.0	0.0	0.0	0.0	1.0	0.0	
measured	0.0	0.0	1.0	0.0	0.0	0.0	0.0	
welfare	0.0	1.0	0.0	0.0	0.0	0.0	0.0	
third	0.0	0.0	0.0	0.0	0.0	1.0	0.0	
responses	0.0	1.0	0.0	0.0	0.0	0.0	0.0	
include	0.0	0.0	1.0	0.0	0.0	0.0	0.0	
excluding	0.0	0.0	1.0	0.0	0.0	0.0	0.0	
managed	0.0	0.0	1.0	0.0	0.0	0.0	0.0	
traffic	0.0	1.0	0.0	0.0	0.0	0.0	0.0	
earlier	0.0	0.0	0.0	0.5	0.5	0.0	0.0	
Well	0.0	0.0	0.0	0.0	1.0	0.0	0.0	
Swanwick	0.0	1.0	0.0	0.0	0.0	0.0	0.0	
them	0.0	1.0	0.0	0.0	0.0	0.0	0.0	
unclaimed	0.0	0.0	0.0	1.0	0.0	0.0	0.0	
gay	0.0	0.0	0.0	1.0	0.0	0.0	0.0	
experienced	0.0	0.0	1.0	0.0	0.0	0.0	0.0	
then	0.0	0.0	0.0	0.0	1.0	0.0	0.0	
disordered	0.0	0.0	0.0	1.0	0.0	0.0	0.0	
measures	0.0	1.0	0.0	0.0	0.0	0.0	0.0	
records	0.0	0.0	1.0	0.0	0.0	0.0	0.0	
novel	0.0	0.8	0.0	0.0	0.0	0.2	0.0	
JUMP	0.0	1.0	0.0	0.0	0.0	0.0	0.0	
different	0.0	0.0	0.0	1.0	0.0	0.0	0.0	
creation	0.0	1.0	0.0	0.0	0.0	0.0	0.0	
realising	0.0	0.0	1.0	0.0	0.0	0.0	0.0	
Gillies	0.0	1.0	0.0	0.0	0.0	0.0	0.0	
Telephone	0.0	0.0	0.0	0.0	0.0	1.0	0.0	
moment	0.0	1.0	0.0	0.0	0.0	0.0	0.0	
subject	0.0	1.0	0.0	0.0	0.0	0.0	0.0	
followed	0.0	0.0	0.5	0.0	0.0	0.5	0.0	
looking	0.0	0.0	1.0	0.0	0.0	0.0	0.0	
apparent	0.0	0.0	0.0	1.0	0.0	0.0	0.0	
heard	0.0	0.0	1.0	0.0	0.0	0.0	0.0	
allowing	0.0	0.0	1.0	0.0	0.0	0.0	0.0	
Often	0.0	0.0	0.0	0.0	1.0	0.0	0.0	
Karen	0.0	1.0	0.0	0.0	0.0	0.0	0.0	
Dear	0.0	0.0	0.0	1.0	0.0	0.0	0.0	
Slowly	0.0	0.0	0.0	0.0	1.0	0.0	0.0	
modishness	0.0	1.0	0.0	0.0	0.0	0.0	0.0	
similar	0.0	0.0	0.0	1.0	0.0	0.0	0.0	
usual	0.0	0.0	0.0	1.0	0.0	0.0	0.0	
edited	0.0	0.0	1.0	0.0	0.0	0.0	0.0	
stigma	0.0	1.0	0.0	0.0	0.0	0.0	0.0	
Immuno	0.0	1.0	0.0	0.0	0.0	0.0	0.0	
Immune	0.0	0.0	0.0	1.0	0.0	0.0	0.0	
flight	0.0	1.0	0.0	0.0	0.0	0.0	0.0	
residence	0.0	1.0	0.0	0.0	0.0	0.0	0.0	
's	0.0	0.8461538461538461	0.0	0.0	0.0	0.15384615384615385	0.0	
accommodation	0.0	1.0	0.0	0.0	0.0	0.0	0.0	
interview	0.0	1.0	0.0	0.0	0.0	0.0	0.0	
within	0.0	0.0	0.0	0.0	0.0	1.0	0.0	
Germany	0.0	1.0	0.0	0.0	0.0	0.0	0.0	
qualified	0.0	0.0	1.0	0.0	0.0	0.0	0.0	
ACET	0.0	1.0	0.0	0.0	0.0	0.0	0.0	
cause	0.0	1.0	0.0	0.0	0.0	0.0	0.0	
second	0.0	0.0	0.0	0.0	0.0	1.0	0.0	
Initiative	0.0	1.0	0.0	0.0	0.0	0.0	0.0	
firmly	0.0	0.0	0.0	0.0	1.0	0.0	0.0	
Kasozi	0.0	0.6666666666666666	0.0	0.0	0.0	0.3333333333333333	0.0	
chat	0.0	1.0	0.0	0.0	0.0	0.0	0.0	
middle	0.0	1.0	0.0	0.0	0.0	0.0	0.0	
deserts	0.0	0.0	1.0	0.0	0.0	0.0	0.0	
looks	0.0	0.0	1.0	0.0	0.0	0.0	0.0	
sky	0.0	1.0	0.0	0.0	0.0	0.0	0.0	
level	0.0	0.0	0.0	0.0	0.0	1.0	0.0	
someone	0.0	1.0	0.0	0.0	0.0	0.0	0.0	
centres	0.0	1.0	0.0	0.0	0.0	0.0	0.0	
developing	0.0	0.0	0.3333333333333333	0.3333333333333333	0.0	0.3333333333333333	0.0	
official	0.0	0.0	0.0	1.0	0.0	0.0	0.0	
Deficiency	0.0	1.0	0.0	0.0	0.0	0.0	0.0	
returning	0.0	0.0	1.0	0.0	0.0	0.0	0.0	
appropriate	0.0	0.0	0.0	1.0	0.0	0.0	0.0	
resolving	0.0	0.0	1.0	0.0	0.0	0.0	0.0	
such	0.0	0.0	0.0	0.0	0.0	1.0	0.0	
offering	0.0	0.0	1.0	0.0	0.0	0.0	0.0	
referrals	0.0	1.0	0.0	0.0	0.0	0.0	0.0	
professional	0.0	0.0	0.0	1.0	0.0	0.0	0.0	
Guerrillas	0.0	1.0	0.0	0.0	0.0	0.0	0.0	
describing	0.0	0.0	1.0	0.0	0.0	0.0	0.0	
Janet	0.0	1.0	0.0	0.0	0.0	0.0	0.0	
Ureche	0.0	0.5	0.0	0.0	0.0	0.5	0.0	
mother	0.0	1.0	0.0	0.0	0.0	0.0	0.0	
stuff	0.0	1.0	0.0	0.0	0.0	0.0	0.0	
supposing	0.0	0.0	1.0	0.0	0.0	0.0	0.0	
operate	0.0	0.0	1.0	0.0	0.0	0.0	0.0	
issues	0.0	1.0	0.0	0.0	0.0	0.0	0.0	
called	0.0	0.0	1.0	0.0	0.0	0.0	0.0	
EDUCATION	0.0	1.0	0.0	0.0	0.0	0.0	0.0	
this	0.0	0.0	0.0	0.0	0.0	1.0	0.0	
William	0.0	1.0	0.0	0.0	0.0	0.0	0.0	
uganda	0.0	1.0	0.0	0.0	0.0	0.0	0.0	
coups	0.0	1.0	0.0	0.0	0.0	0.0	0.0	
TRAINING	0.0	1.0	0.0	0.0	0.0	0.0	0.0	
Alison	0.0	1.0	0.0	0.0	0.0	0.0	0.0	
Spain	0.0	1.0	0.0	0.0	0.0	0.0	0.0	
Kay	0.0	1.0	0.0	0.0	0.0	0.0	0.0	
way	0.0	1.0	0.0	0.0	0.0	0.0	0.0	
from	0.0	0.0	0.0	0.0	0.0	1.0	0.0	
includes	0.0	0.0	1.0	0.0	0.0	0.0	0.0	
believe	0.0	0.0	1.0	0.0	0.0	0.0	0.0	
affect	0.0	0.0	1.0	0.0	0.0	0.0	0.0	
network	0.0	1.0	0.0	0.0	0.0	0.0	0.0	
was	0.0	0.0	1.0	0.0	0.0	0.0	0.0	
risk	0.0	1.0	0.0	0.0	0.0	0.0	0.0	
real	0.0	0.0	0.0	1.0	0.0	0.0	0.0	
scoot	0.0	0.0	1.0	0.0	0.0	0.0	0.0	
staff	0.0	1.0	0.0	0.0	0.0	0.0	0.0	
able	0.0	0.0	0.0	1.0	0.0	0.0	0.0	
Anthony	0.0	1.0	0.0	0.0	0.0	0.0	0.0	
driven	0.0	0.0	1.0	0.0	0.0	0.0	0.0	
rise	0.0	0.0	1.0	0.0	0.0	0.0	0.0	
Authority	0.0	1.0	0.0	0.0	0.0	0.0	0.0	
deciding	0.0	0.0	1.0	0.0	0.0	0.0	0.0	
fundraising	0.0	1.0	0.0	0.0	0.0	0.0	0.0	
prevail	0.0	0.0	1.0	0.0	0.0	0.0	0.0	
receive	0.0	0.0	1.0	0.0	0.0	0.0	0.0	
between	0.0	0.0	0.0	0.0	0.0	1.0	0.0	
bauxite	0.0	1.0	0.0	0.0	0.0	0.0	0.0	
application	0.0	1.0	0.0	0.0	0.0	0.0	0.0	
TEAR	0.0	1.0	0.0	0.0	0.0	0.0	0.0	
important	0.0	0.0	0.0	1.0	0.0	0.0	0.0	
opiates	0.0	1.0	0.0	0.0	0.0	0.0	0.0	
growing	0.0	0.0	0.25	0.25	0.0	0.5	0.0	
Programmes	0.0	1.0	0.0	0.0	0.0	0.0	0.0	
freckled	0.0	0.0	0.0	1.0	0.0	0.0	0.0	
adequately	0.0	0.0	0.0	0.0	1.0	0.0	0.0	
away	0.0	0.0	0.0	0.0	0.6666666666666666	0.3333333333333333	0.0	
felt	0.0	0.0	1.0	0.0	0.0	0.0	0.0	
commonest	0.0	0.0	0.0	1.0	0.0	0.0	0.0	
revolutionary	0.0	0.0	0.0	1.0	0.0	0.0	0.0	
runner	0.0	1.0	0.0	0.0	0.0	0.0	0.0	
themselves	0.0	1.0	0.0	0.0	0.0	0.0	0.0	
remained	0.0	0.0	1.0	0.0	0.0	0.0	0.0	
found	0.0	0.0	1.0	0.0	0.0	0.0	0.0	
These	0.0	0.0	0.0	0.0	0.0	1.0	0.0	
passed	0.0	0.0	0.5	0.0	0.0	0.5	0.0	
fight	0.0	0.0	1.0	0.0	0.0	0.0	0.0	
Neighbourhood	0.0	1.0	0.0	0.0	0.0	0.0	0.0	
East	0.0	1.0	0.0	0.0	0.0	0.0	0.0	
specialist	0.0	0.75	0.0	0.0	0.0	0.25	0.0	
wrote	0.0	0.0	1.0	0.0	0.0	0.0	0.0	
received	0.0	0.0	1.0	0.0	0.0	0.0	0.0	
Princess	0.0	1.0	0.0	0.0	0.0	0.0	0.0	
occurs	0.0	0.0	1.0	0.0	0.0	0.0	0.0	
38	0.0	0.0	0.0	0.0	0.0	1.0	0.0	
intercourse	0.0	1.0	0.0	0.0	0.0	0.0	0.0	
forward	0.0	0.0	0.0	0.0	1.0	0.0	0.0	
reduced	0.0	0.0	1.0	0.0	0.0	0.0	0.0	
40	0.0	0.0	0.0	0.0	0.0	1.0	0.0	
Epsom	0.0	1.0	0.0	0.0	0.0	0.0	0.0	
happen	0.0	0.0	1.0	0.0	0.0	0.0	0.0	
dying	0.0	0.0	0.25	0.0	0.0	0.75	0.0	
Clinic	0.0	1.0	0.0	0.0	0.0	0.0	0.0	
piece	0.0	1.0	0.0	0.0	0.0	0.0	0.0	
YMCA	0.0	1.0	0.0	0.0	0.0	0.0	0.0	
Rev	0.0	1.0	0.0	0.0	0.0	0.0	0.0	
serve	0.0	0.0	1.0	0.0	0.0	0.0	0.0	
turn	0.0	0.5	0.5	0.0	0.0	0.0	0.0	
ends	0.0	1.0	0.0	0.0	0.0	0.0	0.0	
Surgeon	0.0	1.0	0.0	0.0	0.0	0.0	0.0	
There	0.0	0.0	0.0	0.0	0.0	1.0	0.0	
cancels	0.0	0.0	1.0	0.0	0.0	0.0	0.0	
22	0.0	0.0	0.0	0.0	0.0	1.0	0.0	
bystanders	0.0	1.0	0.0	0.0	0.0	0.0	0.0	
24	0.0	0.0	0.0	0.0	0.0	1.0	0.0	
Archie	0.0	1.0	0.0	0.0	0.0	0.0	0.0	
admitted	0.0	0.0	1.0	0.0	0.0	0.0	0.0	
available	0.0	0.0	0.0	1.0	0.0	0.0	0.0	
astronomy	0.0	1.0	0.0	0.0	0.0	0.0	0.0	
7879	0.0	0.0	0.0	0.0	0.0	1.0	0.0	
Politicians	0.0	1.0	0.0	0.0	0.0	0.0	0.0	
price	0.0	1.0	0.0	0.0	0.0	0.0	0.0	
30	0.0	0.0	0.0	0.0	0.0	1.0	0.0	
afraid	0.0	0.0	0.0	1.0	0.0	0.0	0.0	
coming	0.0	0.0	0.5	0.5	0.0	0.0	0.0	
woodland	0.0	1.0	0.0	0.0	0.0	0.0	0.0	
own	0.0	0.0	0.16666666666666666	0.0	0.0	0.8333333333333334	0.0	
ways	0.0	1.0	0.0	0.0	0.0	0.0	0.0	
September	0.0	1.0	0.0	0.0	0.0	0.0	0.0	
face	0.0	0.6666666666666666	0.16666666666666666	0.0	0.0	0.16666666666666666	0.0	
Bulletin	0.0	1.0	0.0	0.0	0.0	0.0	0.0	
common	0.0	0.0	0.0	1.0	0.0	0.0	0.0	
haji	0.0	1.0	0.0	0.0	0.0	0.0	0.0	
next	0.0	0.0	0.0	0.0	0.0	1.0	0.0	
15	0.0	0.0	0.0	0.0	0.0	1.0	0.0	
Three	0.0	0.0	0.0	0.0	0.0	1.0	0.0	
12	0.0	0.0	0.0	0.0	0.0	1.0	0.0	
21	0.0	0.0	0.0	0.0	0.0	1.0	0.0	
20	0.0	0.0	0.0	0.0	0.0	1.0	0.0	
nightsitting	0.0	0.0	0.0	0.0	0.0	1.0	0.0	
surrounding	0.0	0.0	0.6666666666666666	0.0	0.0	0.3333333333333333	0.0	
happy	0.0	0.0	0.0	1.0	0.0	0.0	0.0	
notice	0.0	0.0	0.0	0.0	0.0	1.0	0.0	
hair	0.0	1.0	0.0	0.0	0.0	0.0	0.0	
With	0.0	0.0	0.0	0.0	0.0	1.0	0.0	
direct	0.0	0.0	0.0	1.0	0.0	0.0	0.0	
arriving	0.0	0.0	1.0	0.0	0.0	0.0	0.0	
factor	0.0	1.0	0.0	0.0	0.0	0.0	0.0	
angle	0.0	1.0	0.0	0.0	0.0	0.0	0.0	
10	0.0	0.0	0.0	0.0	0.0	1.0	0.0	
lung	0.0	1.0	0.0	0.0	0.0	0.0	0.0	
fact	0.0	1.0	0.0	0.0	0.0	0.0	0.0	
worrying	0.0	0.0	0.0	1.0	0.0	0.0	0.0	
agree	0.0	0.0	1.0	0.0	0.0	0.0	0.0	
Cause	0.0	0.0	0.0	0.0	0.0	1.0	0.0	
both	0.0	0.0	0.0	0.0	1.0	0.0	0.0	
NEWSLETTER	0.0	1.0	0.0	0.0	0.0	0.0	0.0	
terms	0.0	1.0	0.0	0.0	0.0	0.0	0.0	
FACTSHEET	0.0	1.0	0.0	0.0	0.0	0.0	0.0	
drought	0.0	1.0	0.0	0.0	0.0	0.0	0.0	
contacts	0.0	1.0	0.0	0.0	0.0	0.0	0.0	
after	0.0	0.0	0.0	0.0	0.0	1.0	0.0	
affected	0.0	0.0	1.0	0.0	0.0	0.0	0.0	
takes	0.0	0.0	1.0	0.0	0.0	0.0	0.0	
taken	0.0	0.0	1.0	0.0	0.0	0.0	0.0	
conference	0.0	1.0	0.0	0.0	0.0	0.0	0.0	
unable	0.0	0.0	0.0	1.0	0.0	0.0	0.0	
PARACHUTE	0.0	1.0	0.0	0.0	0.0	0.0	0.0	
victim	0.0	1.0	0.0	0.0	0.0	0.0	0.0	
Unprepared	0.0	0.0	0.0	1.0	0.0	0.0	0.0	
white	0.0	0.0	0.0	1.0	0.0	0.0	0.0	
fun	0.0	0.0	0.0	0.6666666666666666	0.0	0.3333333333333333	0.0	
willing	0.0	0.0	0.0	1.0	0.0	0.0	0.0	
inform	0.0	0.0	1.0	0.0	0.0	0.0	0.0	
that	0.0	0.0	0.0	0.0	0.0	1.0	0.0	
Surrey	0.0	1.0	0.0	0.0	0.0	0.0	0.0	
encourage	0.0	0.0	1.0	0.0	0.0	0.0	0.0	
characterise	0.0	0.0	1.0	0.0	0.0	0.0	0.0	
than	0.0	0.0	0.0	0.0	0.0	1.0	0.0	
previously	0.0	0.0	0.0	0.0	1.0	0.0	0.0	
70	0.0	0.0	0.0	0.0	0.0	1.0	0.0	
require	0.0	0.0	1.0	0.0	0.0	0.0	0.0	
roads	0.0	1.0	0.0	0.0	0.0	0.0	0.0	
Whilst	0.0	0.0	0.0	0.0	0.0	1.0	0.0	
UNICEF	0.0	1.0	0.0	0.0	0.0	0.0	0.0	
result	0.0	1.0	0.0	0.0	0.0	0.0	0.0	
ambulance	0.0	1.0	0.0	0.0	0.0	0.0	0.0	
opposite	0.0	0.0	0.0	1.0	0.0	0.0	0.0	
Referrals	0.0	1.0	0.0	0.0	0.0	0.0	0.0	
Report	0.0	1.0	0.0	0.0	0.0	0.0	0.0	
about	0.0	0.0	0.0	0.0	0.11764705882352941	0.8823529411764706	0.0	
well	0.0	0.0	0.0	0.25	0.625	0.125	0.0	
Heathcliff	0.0	1.0	0.0	0.0	0.0	0.0	0.0	
facility	0.0	1.0	0.0	0.0	0.0	0.0	0.0	
elaborate	0.0	0.0	0.0	1.0	0.0	0.0	0.0	
complete	0.0	0.0	1.0	0.0	0.0	0.0	0.0	
Here	0.0	0.0	0.0	0.0	1.0	0.0	0.0	
above	0.0	0.0	0.0	0.0	0.0	1.0	0.0	
traditionally	0.0	0.0	0.0	0.0	1.0	0.0	0.0	
modes	0.0	1.0	0.0	0.0	0.0	0.0	0.0	
60	0.0	0.0	0.0	0.0	0.0	1.0	0.0	
Hindu	0.0	0.0	0.0	1.0	0.0	0.0	0.0	
Public	0.0	0.0	0.0	1.0	0.0	0.0	0.0	
Minister	0.0	1.0	0.0	0.0	0.0	0.0	0.0	
feel	0.0	0.0	1.0	0.0	0.0	0.0	0.0	
rush	0.0	0.0	1.0	0.0	0.0	0.0	0.0	
slavish	0.0	0.0	0.0	1.0	0.0	0.0	0.0	
Kilburn	0.0	1.0	0.0	0.0	0.0	0.0	0.0	
Reg	0.0	1.0	0.0	0.0	0.0	0.0	0.0	
mounds	0.0	1.0	0.0	0.0	0.0	0.0	0.0	
Michael	0.0	1.0	0.0	0.0	0.0	0.0	0.0	
variety	0.0	1.0	0.0	0.0	0.0	0.0	0.0	
units	0.0	1.0	0.0	0.0	0.0	0.0	0.0	
discovering	0.0	0.0	1.0	0.0	0.0	0.0	0.0	
threatener	0.0	1.0	0.0	0.0	0.0	0.0	0.0	
unity	0.0	1.0	0.0	0.0	0.0	0.0	0.0	
supporting	0.0	0.0	0.0	0.0	0.0	1.0	0.0	
beaten	0.0	0.0	1.0	0.0	0.0	0.0	0.0	
directed	0.0	0.0	1.0	0.0	0.0	0.0	0.0	
service	0.0	1.0	0.0	0.0	0.0	0.0	0.0	
claim	0.0	0.0	0.0	0.0	0.0	1.0	0.0	
operations	0.0	1.0	0.0	0.0	0.0	0.0	0.0	
our	0.0	0.0	0.0	0.0	0.0	1.0	0.0	
50	0.0	0.0	0.0	0.0	0.0	1.0	0.0	
out	0.0	0.0	0.0	0.0	0.7777777777777778	0.2222222222222222	0.0	
skills	0.0	1.0	0.0	0.0	0.0	0.0	0.0	
via	0.0	0.0	0.0	0.0	0.0	1.0	0.0	
suffering	0.0	0.0	0.0	0.0	0.0	1.0	0.0	
for	0.0	0.0	0.0	0.0	0.0	1.0	0.0	
Belgrave	0.0	0.0	0.0	0.0	0.0	1.0	0.0	
falling	0.0	0.0	0.0	0.0	0.0	1.0	0.0	
kinship	0.0	1.0	0.0	0.0	0.0	0.0	0.0	
Petamadine	0.0	0.0	0.0	0.0	0.0	1.0	0.0	
Malik	0.0	1.0	0.0	0.0	0.0	0.0	0.0	
planners	0.0	1.0	0.0	0.0	0.0	0.0	0.0	
went	0.0	0.0	1.0	0.0	0.0	0.0	0.0	
glamour	0.0	1.0	0.0	0.0	0.0	0.0	0.0	
ancient	0.0	0.0	0.0	1.0	0.0	0.0	0.0	
uneasy	0.0	0.0	0.0	1.0	0.0	0.0	0.0	
Date	0.0	0.0	0.0	0.0	0.0	1.0	0.0	
Even	0.0	0.0	0.0	0.0	1.0	0.0	0.0	
gifts	0.0	1.0	0.0	0.0	0.0	0.0	0.0	
marathon	0.0	1.0	0.0	0.0	0.0	0.0	0.0	
choose	0.0	0.0	1.0	0.0	0.0	0.0	0.0	
speaking	0.0	0.0	1.0	0.0	0.0	0.0	0.0	
journalist	0.0	1.0	0.0	0.0	0.0	0.0	0.0	
groups	0.0	1.0	0.0	0.0	0.0	0.0	0.0	
unstable	0.0	0.0	0.0	1.0	0.0	0.0	0.0	
information	0.0	1.0	0.0	0.0	0.0	0.0	0.0	
others	0.0	1.0	0.0	0.0	0.0	0.0	0.0	
housing	0.0	1.0	0.0	0.0	0.0	0.0	0.0	
Diary	0.0	1.0	0.0	0.0	0.0	0.0	0.0	
national	0.0	0.0	0.0	1.0	0.0	0.0	0.0	
minister	0.0	1.0	0.0	0.0	0.0	0.0	0.0	
insisting	0.0	0.0	1.0	0.0	0.0	0.0	0.0	
Abbeylands	0.0	1.0	0.0	0.0	0.0	0.0	0.0	
prevent	0.0	0.0	1.0	0.0	0.0	0.0	0.0	
doubled	0.0	0.0	1.0	0.0	0.0	0.0	0.0	
director	0.0	1.0	0.0	0.0	0.0	0.0	0.0	
'll	0.0	1.0	0.0	0.0	0.0	0.0	0.0	
ward	0.0	1.0	0.0	0.0	0.0	0.0	0.0	
Living	0.0	0.0	0.0	0.0	0.0	1.0	0.0	
position	0.0	1.0	0.0	0.0	0.0	0.0	0.0	
rapidly	0.0	0.0	0.0	0.0	1.0	0.0	0.0	
Street	0.0	1.0	0.0	0.0	0.0	0.0	0.0	
Mann	0.0	1.0	0.0	0.0	0.0	0.0	0.0	
encouraged	0.0	0.0	0.0	0.0	0.0	1.0	0.0	
failed	0.0	0.0	1.0	0.0	0.0	0.0	0.0	
separated	0.0	0.0	1.0	0.0	0.0	0.0	0.0	
Many	0.0	0.0	0.0	0.0	0.0	1.0	0.0	
ushered	0.0	0.0	1.0	0.0	0.0	0.0	0.0	
ensuring	0.0	0.0	1.0	0.0	0.0	0.0	0.0	
London	0.0	1.0	0.0	0.0	0.0	0.0	0.0	
wanted	0.0	0.0	1.0	0.0	0.0	0.0	0.0	
effective	0.0	0.0	0.0	1.0	0.0	0.0	0.0	
title	0.0	1.0	0.0	0.0	0.0	0.0	0.0	
seems	0.0	0.0	1.0	0.0	0.0	0.0	0.0	
latter	0.0	0.0	0.0	0.0	0.0	1.0	0.0	
length	0.0	1.0	0.0	0.0	0.0	0.0	0.0	
Glover	0.0	1.0	0.0	0.0	0.0	0.0	0.0	
giving	0.0	0.0	1.0	0.0	0.0	0.0	0.0	
One	0.0	0.0	0.0	0.0	0.0	1.0	0.0	
Police	0.0	1.0	0.0	0.0	0.0	0.0	0.0	
want	0.0	0.0	1.0	0.0	0.0	0.0	0.0	
Please	0.0	0.0	0.0	0.0	1.0	0.0	0.0	
Jimmy	0.0	1.0	0.0	0.0	0.0	0.0	0.0	
covered	0.0	0.0	0.6666666666666666	0.0	0.0	0.3333333333333333	0.0	
purely	0.0	0.0	0.0	0.0	1.0	0.0	0.0	
rely	0.0	0.0	1.0	0.0	0.0	0.0	0.0	
responsible	0.0	0.0	0.0	1.0	0.0	0.0	0.0	
establish	0.0	0.0	1.0	0.0	0.0	0.0	0.0	
acknowledges	0.0	0.0	1.0	0.0	0.0	0.0	0.0	
Friend	0.0	0.0	0.0	0.0	0.0	1.0	0.0	
access	0.0	1.0	0.0	0.0	0.0	0.0	0.0	
visitor	0.0	1.0	0.0	0.0	0.0	0.0	0.0	
Meredith	0.0	1.0	0.0	0.0	0.0	0.0	0.0	
Johnson	0.0	1.0	0.0	0.0	0.0	0.0	0.0	
article	0.0	1.0	0.0	0.0	0.0	0.0	0.0	
munching	0.0	0.0	1.0	0.0	0.0	0.0	0.0	
clearly	0.0	0.0	0.0	0.0	1.0	0.0	0.0	
based	0.0	0.0	1.0	0.0	0.0	0.0	0.0	
unsafe	0.0	0.0	0.0	1.0	0.0	0.0	0.0	
Diana	0.0	1.0	0.0	0.0	0.0	0.0	0.0	
old	0.0	0.0	0.0	1.0	0.0	0.0	0.0	
Scottish	0.0	0.0	0.0	1.0	0.0	0.0	0.0	
grant	0.0	1.0	0.0	0.0	0.0	0.0	0.0	
wish	0.0	1.0	0.0	0.0	0.0	0.0	0.0	
workers	0.0	1.0	0.0	0.0	0.0	0.0	0.0	
cared	0.0	0.0	1.0	0.0	0.0	0.0	0.0	
matted	0.0	0.0	0.0	1.0	0.0	0.0	0.0	
silly	0.0	0.0	0.0	1.0	0.0	0.0	0.0	
were	0.0	0.0	1.0	0.0	0.0	0.0	0.0	
turned	0.0	0.0	1.0	0.0	0.0	0.0	0.0	
please	0.0	0.0	0.0	0.0	1.0	0.0	0.0	
died	0.0	0.0	1.0	0.0	0.0	0.0	0.0	
three	0.0	0.0	0.0	0.0	0.0	1.0	0.0	
pleased	0.0	0.0	0.0	1.0	0.0	0.0	0.0	
positive	0.0	0.0	0.0	0.6	0.0	0.4	0.0	
work	0.0	0.65	0.2	0.0	0.0	0.15	0.0	
worn	0.0	0.0	1.0	0.0	0.0	0.0	0.0	
Muslim	0.0	0.0	0.0	1.0	0.0	0.0	0.0	
expressed	0.0	0.0	1.0	0.0	0.0	0.0	0.0	
global	0.0	0.0	0.0	1.0	0.0	0.0	0.0	
class	0.0	1.0	0.0	0.0	0.0	0.0	0.0	
property	0.0	1.0	0.0	0.0	0.0	0.0	0.0	
sense	0.0	1.0	0.0	0.0	0.0	0.0	0.0	
staying	0.0	0.0	1.0	0.0	0.0	0.0	0.0	
programme	0.0	1.0	0.0	0.0	0.0	0.0	0.0	
Needed	0.0	0.0	0.0	0.0	0.0	1.0	0.0	
Medusa	0.0	1.0	0.0	0.0	0.0	0.0	0.0	
company	0.0	1.0	0.0	0.0	0.0	0.0	0.0	
Africa	0.0	1.0	0.0	0.0	0.0	0.0	0.0	
Theroux	0.0	1.0	0.0	0.0	0.0	0.0	0.0	
word	0.0	1.0	0.0	0.0	0.0	0.0	0.0	
even	0.0	0.0	0.0	0.0	0.5	0.5	0.0	
rest	0.0	1.0	0.0	0.0	0.0	0.0	0.0	
disturbances	0.0	1.0	0.0	0.0	0.0	0.0	0.0	
pneumonia	0.0	1.0	0.0	0.0	0.0	0.0	0.0	
friend	0.0	1.0	0.0	0.0	0.0	0.0	0.0	
ever	0.0	0.0	0.0	0.0	1.0	0.0	0.0	
warm	0.0	0.0	0.0	1.0	0.0	0.0	0.0	
allow	0.0	0.0	1.0	0.0	0.0	0.0	0.0	
interests	0.0	1.0	0.0	0.0	0.0	0.0	0.0	
behaviour	0.0	1.0	0.0	0.0	0.0	0.0	0.0	
one	0.0	0.2857142857142857	0.0	0.0	0.0	0.7142857142857143	0.0	
contained	0.0	0.0	1.0	0.0	0.0	0.0	0.0	
Dixon	0.0	1.0	0.0	0.0	0.0	0.0	0.0	
South	0.0	1.0	0.0	0.0	0.0	0.0	0.0	
pretty	0.0	0.0	0.0	0.3333333333333333	0.6666666666666666	0.0	0.0	
recent	0.0	0.0	0.0	1.0	0.0	0.0	0.0	
merely	0.0	0.0	0.0	0.0	1.0	0.0	0.0	
researched	0.0	0.0	1.0	0.0	0.0	0.0	0.0	
fit	0.0	0.0	0.0	1.0	0.0	0.0	0.0	
during	0.0	0.0	0.0	0.0	0.0	1.0	0.0	
offices	0.0	1.0	0.0	0.0	0.0	0.0	0.0	
Organisations	0.0	1.0	0.0	0.0	0.0	0.0	0.0	
mean	0.0	0.0	1.0	0.0	0.0	0.0	0.0	
For	0.0	0.0	0.0	0.0	0.0	1.0	0.0	
find	0.0	0.0	1.0	0.0	0.0	0.0	0.0	
distress	0.0	1.0	0.0	0.0	0.0	0.0	0.0	
office	0.0	1.0	0.0	0.0	0.0	0.0	0.0	
with	0.0	0.0	0.0	0.0	0.0	1.0	0.0	
boot	0.0	0.0	0.0	0.0	0.0	1.0	0.0	
fill	0.0	0.0	1.0	0.0	0.0	0.0	0.0	
decade	0.0	1.0	0.0	0.0	0.0	0.0	0.0	
Addlestone	0.0	1.0	0.0	0.0	0.0	0.0	0.0	
Box	0.0	1.0	0.0	0.0	0.0	0.0	0.0	
families	0.0	1.0	0.0	0.0	0.0	0.0	0.0	
Children	0.0	1.0	0.0	0.0	0.0	0.0	0.0	
deals	0.0	0.0	0.0	0.0	0.0	1.0	0.0	
safety	0.0	1.0	0.0	0.0	0.0	0.0	0.0	
rubbish	0.0	1.0	0.0	0.0	0.0	0.0	0.0	
Annual	0.0	0.0	0.0	1.0	0.0	0.0	0.0	
continue	0.0	0.0	1.0	0.0	0.0	0.0	0.0	
book	0.0	1.0	0.0	0.0	0.0	0.0	0.0	
heterosexual	0.0	0.0	0.0	1.0	0.0	0.0	0.0	
periods	0.0	1.0	0.0	0.0	0.0	0.0	0.0	
visibility	0.0	1.0	0.0	0.0	0.0	0.0	0.0	
French	0.0	0.0	0.0	0.0	0.0	1.0	0.0	
particular	0.0	0.0	0.0	1.0	0.0	0.0	0.0	
awareness	0.0	1.0	0.0	0.0	0.0	0.0	0.0	
party	0.0	1.0	0.0	0.0	0.0	0.0	0.0	
spoke	0.0	0.0	1.0	0.0	0.0	0.0	0.0	
participants	0.0	1.0	0.0	0.0	0.0	0.0	0.0	
Maunsell	0.0	1.0	0.0	0.0	0.0	0.0	0.0	
colour	0.0	1.0	0.0	0.0	0.0	0.0	0.0	
Fast	0.0	0.0	0.0	0.0	0.0	1.0	0.0	
time	0.0	1.0	0.0	0.0	0.0	0.0	0.0	
joined	0.0	0.0	1.0	0.0	0.0	0.0	0.0	
Dublin	0.0	1.0	0.0	0.0	0.0	0.0	0.0	
opened	0.0	0.0	1.0	0.0	0.0	0.0	0.0	
these	0.0	0.0	0.0	0.0	0.0	1.0	0.0	
organisational	0.0	0.0	0.0	1.0	0.0	0.0	0.0	
Hakim	0.0	1.0	0.0	0.0	0.0	0.0	0.0	
mansion	0.0	1.0	0.0	0.0	0.0	0.0	0.0	
offers	0.0	0.0	1.0	0.0	0.0	0.0	0.0	
deserves	0.0	0.0	1.0	0.0	0.0	0.0	0.0	
respectively	0.0	0.0	0.0	0.0	1.0	0.0	0.0	
Do	0.0	0.0	1.0	0.0	0.0	0.0	0.0	
project	0.0	1.0	0.0	0.0	0.0	0.0	0.0	
Dr	0.0	1.0	0.0	0.0	0.0	0.0	0.0	
discuss	0.0	0.0	1.0	0.0	0.0	0.0	0.0	
unfold	0.0	0.0	1.0	0.0	0.0	0.0	0.0	
opening	0.0	0.5	0.5	0.0	0.0	0.0	0.0	
Sarcoma	0.0	0.0	0.0	0.0	0.0	1.0	0.0	
herself	0.0	1.0	0.0	0.0	0.0	0.0	0.0	
De	0.0	1.0	0.0	0.0	0.0	0.0	0.0	
each	0.0	0.0	0.0	0.0	0.0	1.0	0.0	
big	0.0	0.0	0.0	1.0	0.0	0.0	0.0	
knowledge	0.0	1.0	0.0	0.0	0.0	0.0	0.0	
318	0.0	0.0	0.0	0.0	0.0	1.0	0.0	
Work	0.0	0.5	0.0	0.0	0.0	0.5	0.0	
training	0.0	0.875	0.0	0.0	0.0	0.125	0.0	
Station	0.0	1.0	0.0	0.0	0.0	0.0	0.0	
authority	0.0	1.0	0.0	0.0	0.0	0.0	0.0	
partly	0.0	0.0	0.0	0.0	1.0	0.0	0.0	
appointments	0.0	1.0	0.0	0.0	0.0	0.0	0.0	
educators	0.0	1.0	0.0	0.0	0.0	0.0	0.0	
pigtails	0.0	0.5	0.0	0.0	0.0	0.5	0.0	
side	0.0	1.0	0.0	0.0	0.0	0.0	0.0	
lived	0.0	0.0	1.0	0.0	0.0	0.0	0.0	
ensure	0.0	0.0	1.0	0.0	0.0	0.0	0.0	
member	0.0	1.0	0.0	0.0	0.0	0.0	0.0	
define	0.0	0.0	1.0	0.0	0.0	0.0	0.0	
Below	0.0	0.0	0.0	0.0	1.0	0.0	0.0	
EALING	0.0	1.0	0.0	0.0	0.0	0.0	0.0	
choices	0.0	1.0	0.0	0.0	0.0	0.0	0.0	
Response	0.0	1.0	0.0	0.0	0.0	0.0	0.0	
charities	0.0	1.0	0.0	0.0	0.0	0.0	0.0	
increasing	0.0	0.0	0.0	0.5	0.0	0.5	0.0	
hour	0.0	1.0	0.0	0.0	0.0	0.0	0.0	
conspicuous	0.0	0.0	0.0	1.0	0.0	0.0	0.0	
standards	0.0	1.0	0.0	0.0	0.0	0.0	0.0	
Housework	0.0	1.0	0.0	0.0	0.0	0.0	0.0	
GP	0.0	1.0	0.0	0.0	0.0	0.0	0.0	
public	0.0	1.0	0.0	0.0	0.0	0.0	0.0	
A4	0.0	0.0	0.0	0.0	0.0	1.0	0.0	
visible	0.0	0.0	0.0	1.0	0.0	0.0	0.0	
client	0.0	1.0	0.0	0.0	0.0	0.0	0.0	
broadcast	0.0	0.5	0.5	0.0	0.0	0.0	0.0	
has	0.0	0.0	1.0	0.0	0.0	0.0	0.0	
appointed	0.0	0.0	1.0	0.0	0.0	0.0	0.0	
Acton	0.0	1.0	0.0	0.0	0.0	0.0	0.0	
strengthened	0.0	0.0	1.0	0.0	0.0	0.0	0.0	
wanting	0.0	0.0	1.0	0.0	0.0	0.0	0.0	
While	0.0	0.0	0.0	0.0	0.0	1.0	0.0	
Everett	0.0	1.0	0.0	0.0	0.0	0.0	0.0	
Jackie	0.0	1.0	0.0	0.0	0.0	0.0	0.0	
contributions	0.0	1.0	0.0	0.0	0.0	0.0	0.0	
had	0.0	0.0	1.0	0.0	0.0	0.0	0.0	
Sears	0.0	1.0	0.0	0.0	0.0	0.0	0.0	
vital	0.0	0.0	0.0	1.0	0.0	0.0	0.0	
300	0.0	0.0	0.0	0.0	0.0	1.0	0.0	
Home	0.0	0.8461538461538461	0.0	0.0	0.15384615384615385	0.0	0.0	
Patients	0.0	1.0	0.0	0.0	0.0	0.0	0.0	
Officer	0.0	1.0	0.0	0.0	0.0	0.0	0.0	
Jane	0.0	1.0	0.0	0.0	0.0	0.0	0.0	
Catherine	0.0	1.0	0.0	0.0	0.0	0.0	0.0	
Ugandan	0.0	0.0	0.0	0.3333333333333333	0.0	0.6666666666666666	0.0	
factors	0.0	1.0	0.0	0.0	0.0	0.0	0.0	
names	0.0	1.0	0.0	0.0	0.0	0.0	0.0	
day	0.0	1.0	0.0	0.0	0.0	0.0	0.0	
Tropical	0.0	0.0	0.0	1.0	0.0	0.0	0.0	
fast	0.0	0.0	0.0	0.0	0.0	1.0	0.0	
disillusioned	0.0	0.0	0.0	0.0	0.0	1.0	0.0	
AN	0.0	0.0	0.0	0.0	0.0	1.0	0.0	
hope	0.0	0.0	1.0	0.0	0.0	0.0	0.0	
named	0.0	0.0	1.0	0.0	0.0	0.0	0.0	
obtained	0.0	0.0	1.0	0.0	0.0	0.0	0.0	
At	0.0	0.0	0.0	0.0	0.4	0.6	0.0	
As	0.0	0.0	0.0	0.0	0.0	1.0	0.0	
landscape	0.0	1.0	0.0	0.0	0.0	0.0	0.0	
Strathclyde	0.0	1.0	0.0	0.0	0.0	0.0	0.0	
pilot	0.0	1.0	0.0	0.0	0.0	0.0	0.0	
infection	0.0	1.0	0.0	0.0	0.0	0.0	0.0	
An	0.0	0.0	0.0	0.0	0.0	1.0	0.0	
JANUARY	0.0	1.0	0.0	0.0	0.0	0.0	0.0	
activity	0.0	1.0	0.0	0.0	0.0	0.0	0.0	
facilities	0.0	1.0	0.0	0.0	0.0	0.0	0.0	
By	0.0	0.0	0.0	0.0	0.0	1.0	0.0	
His	0.0	0.0	0.0	0.0	0.0	1.0	0.0	
2LP	0.0	0.0	0.0	0.0	0.0	1.0	0.0	
constant	0.0	0.0	0.0	1.0	0.0	0.0	0.0	
trauma	0.0	1.0	0.0	0.0	0.0	0.0	0.0	
obviously	0.0	0.0	0.0	0.0	1.0	0.0	0.0	
Uganda	0.0	1.0	0.0	0.0	0.0	0.0	0.0	
informed	0.0	0.0	0.3333333333333333	0.0	0.0	0.6666666666666666	0.0	
therefore	0.0	0.0	0.0	0.0	1.0	0.0	0.0	
never	0.0	0.0	0.0	0.0	1.0	0.0	0.0	
great	0.0	0.0	0.0	1.0	0.0	0.0	0.0	
kits	0.0	1.0	0.0	0.0	0.0	0.0	0.0	
Nathaniel	0.0	1.0	0.0	0.0	0.0	0.0	0.0	
Be	0.0	0.0	1.0	0.0	0.0	0.0	0.0	
take	0.0	0.0	1.0	0.0	0.0	0.0	0.0	
pendant	0.0	1.0	0.0	0.0	0.0	0.0	0.0	
caring	0.0	0.0	0.0	0.0	0.0	1.0	0.0	
there	0.0	0.0	0.0	0.0	0.13333333333333333	0.8666666666666667	0.0	
boy	0.0	1.0	0.0	0.0	0.0	0.0	0.0	
damaged	0.0	0.0	1.0	0.0	0.0	0.0	0.0	
presentations	0.0	1.0	0.0	0.0	0.0	0.0	0.0	
appearance	0.0	1.0	0.0	0.0	0.0	0.0	0.0	
programmes	0.0	1.0	0.0	0.0	0.0	0.0	0.0	
campaigned	0.0	0.0	1.0	0.0	0.0	0.0	0.0	
Blithedale	0.0	1.0	0.0	0.0	0.0	0.0	0.0	
involve	0.0	0.0	1.0	0.0	0.0	0.0	0.0	
Those	0.0	0.0	0.0	0.0	0.0	1.0	0.0	
shortly	0.0	0.0	0.0	0.0	1.0	0.0	0.0	
improved	0.0	0.0	0.0	1.0	0.0	0.0	0.0	
diminishable	0.0	0.0	0.0	1.0	0.0	0.0	0.0	
lecturing	0.0	0.0	1.0	0.0	0.0	0.0	0.0	
given	0.0	0.0	1.0	0.0	0.0	0.0	0.0	
Trust	0.0	0.0	0.0	0.0	0.0	1.0	0.0	
respond	0.0	0.0	1.0	0.0	0.0	0.0	0.0	
among	0.0	0.0	0.0	0.0	0.0	1.0	0.0	
desperate	0.0	0.0	0.0	1.0	0.0	0.0	0.0	
her	0.0	0.2	0.0	0.0	0.0	0.8	0.0	
doctors	0.0	1.0	0.0	0.0	0.0	0.0	0.0	
Still	0.0	0.0	0.0	0.0	1.0	0.0	0.0	
voluntary	0.0	0.0	0.0	1.0	0.0	0.0	0.0	
Global	0.0	0.0	0.0	1.0	0.0	0.0	0.0	
itself	0.0	1.0	0.0	0.0	0.0	0.0	0.0	
entering	0.0	0.0	1.0	0.0	0.0	0.0	0.0	
Having	0.0	0.0	1.0	0.0	0.0	0.0	0.0	
listed	0.0	0.0	1.0	0.0	0.0	0.0	0.0	
wild	0.0	0.0	0.0	0.5	0.0	0.5	0.0	
final	0.0	0.0	0.0	1.0	0.0	0.0	0.0	
sixty	0.0	0.0	0.0	0.0	0.0	1.0	0.0	
numerous	0.0	0.0	0.0	1.0	0.0	0.0	0.0	
hold	0.0	0.0	1.0	0.0	0.0	0.0	0.0	
career	0.0	1.0	0.0	0.0	0.0	0.0	0.0	
Herbert	0.0	1.0	0.0	0.0	0.0	0.0	0.0	
N1	0.0	0.0	0.0	0.0	0.0	1.0	0.0	
helicopters	0.0	1.0	0.0	0.0	0.0	0.0	0.0	
Every	0.0	0.0	0.0	0.0	1.0	0.0	0.0	
Chiswick	0.0	1.0	0.0	0.0	0.0	0.0	0.0	
preventative	0.0	0.0	0.0	1.0	0.0	0.0	0.0	
will	0.0	0.0	1.0	0.0	0.0	0.0	0.0	
Church	0.0	1.0	0.0	0.0	0.0	0.0	0.0	
journalistic	0.0	0.0	0.0	1.0	0.0	0.0	0.0	
getting	0.0	0.0	1.0	0.0	0.0	0.0	0.0	
home	0.0	0.9090909090909091	0.0	0.0	0.09090909090909091	0.0	0.0	
Council	0.0	1.0	0.0	0.0	0.0	0.0	0.0	
tropical	0.0	0.0	0.0	1.0	0.0	0.0	0.0	
aspects	0.0	1.0	0.0	0.0	0.0	0.0	0.0	
England	0.0	1.0	0.0	0.0	0.0	0.0	0.0	
holy	0.0	0.0	0.0	1.0	0.0	0.0	0.0	
short	0.0	0.0	0.0	1.0	0.0	0.0	0.0	
clear	0.0	0.0	0.0	0.6666666666666666	0.0	0.3333333333333333	0.0	
gained	0.0	0.0	1.0	0.0	0.0	0.0	0.0	
unless	0.0	0.0	0.0	0.0	0.0	1.0	0.0	
undetected	0.0	0.0	0.0	1.0	0.0	0.0	0.0	
visiting	0.0	0.0	1.0	0.0	0.0	0.0	0.0	
supported	0.0	0.0	1.0	0.0	0.0	0.0	0.0	
None	0.0	1.0	0.0	0.0	0.0	0.0	0.0	
products	0.0	1.0	0.0	0.0	0.0	0.0	0.0	
greatly	0.0	0.0	0.0	0.0	1.0	0.0	0.0	
moths	0.0	1.0	0.0	0.0	0.0	0.0	0.0	
stay	0.0	0.0	0.8	0.0	0.0	0.2	0.0	
beautiful	0.0	0.0	0.0	1.0	0.0	0.0	0.0	
Independent	0.0	0.0	0.0	1.0	0.0	0.0	0.0	
exceed	0.0	0.0	1.0	0.0	0.0	0.0	0.0	
links	0.0	1.0	0.0	0.0	0.0	0.0	0.0	
No	0.0	0.5	0.0	0.0	0.0	0.5	0.0	
speakers	0.0	1.0	0.0	0.0	0.0	0.0	0.0	
OR	0.0	0.0	0.0	0.0	0.0	1.0	0.0	
Baldwin	0.0	1.0	0.0	0.0	0.0	0.0	0.0	
PO	0.0	1.0	0.0	0.0	0.0	0.0	0.0	
On	0.0	0.0	0.0	0.0	0.0	1.0	0.0	
Of	0.0	0.0	0.0	0.0	1.0	0.0	0.0	
cut	0.0	0.0	1.0	0.0	0.0	0.0	0.0	
partially	0.0	0.0	0.0	0.0	1.0	0.0	0.0	
25th	0.0	0.0	0.0	0.0	0.0	1.0	0.0	
Methodist	0.0	0.0	0.0	0.0	0.0	1.0	0.0	
Her	0.0	0.0	0.0	0.0	0.0	1.0	0.0	
devastated	0.0	0.0	1.0	0.0	0.0	0.0	0.0	
follows	0.0	0.0	1.0	0.0	0.0	0.0	0.0	
Jones	0.0	1.0	0.0	0.0	0.0	0.0	0.0	
Although	0.0	0.0	0.0	0.0	0.0	1.0	0.0	
Within	0.0	0.0	0.0	0.0	0.0	1.0	0.0	
conceived	0.0	0.0	1.0	0.0	0.0	0.0	0.0	
him	0.0	1.0	0.0	0.0	0.0	0.0	0.0	
since	0.0	0.0	0.0	0.0	0.0	1.0	0.0	
type	0.0	1.0	0.0	0.0	0.0	0.0	0.0	
related	0.0	0.0	0.0	1.0	0.0	0.0	0.0	
changed	0.0	0.0	1.0	0.0	0.0	0.0	0.0	
Letters	0.0	1.0	0.0	0.0	0.0	0.0	0.0	
potentially	0.0	0.0	0.0	0.0	1.0	0.0	0.0	
Issues	0.0	1.0	0.0	0.0	0.0	0.0	0.0	
schools	0.0	1.0	0.0	0.0	0.0	0.0	0.0	
his	0.0	0.045454545454545456	0.0	0.0	0.0	0.9545454545454546	0.0	
family	0.0	1.0	0.0	0.0	0.0	0.0	0.0	
House	0.0	0.0	0.0	0.0	0.0	1.0	0.0	
difficulties	0.0	1.0	0.0	0.0	0.0	0.0	0.0	
required	0.0	0.0	0.5	0.0	0.0	0.5	0.0	
He	0.0	1.0	0.0	0.0	0.0	0.0	0.0	
asking	0.0	0.0	1.0	0.0	0.0	0.0	0.0	
Body	0.0	1.0	0.0	0.0	0.0	0.0	0.0	
IN	0.0	0.0	0.0	0.0	0.0	1.0	0.0	
charred	0.0	0.0	0.0	0.0	0.0	1.0	0.0	
fatal	0.0	0.0	0.0	1.0	0.0	0.0	0.0	
meant	0.0	0.0	1.0	0.0	0.0	0.0	0.0	
IS	0.0	0.0	1.0	0.0	0.0	0.0	0.0	
team	0.0	1.0	0.0	0.0	0.0	0.0	0.0	
sectors	0.0	1.0	0.0	0.0	0.0	0.0	0.0	
arrive	0.0	0.0	1.0	0.0	0.0	0.0	0.0	
Boroughs	0.0	1.0	0.0	0.0	0.0	0.0	0.0	
whole	0.0	0.0	0.0	1.0	0.0	0.0	0.0	
lives	0.0	0.3333333333333333	0.6666666666666666	0.0	0.0	0.0	0.0	
streets	0.0	1.0	0.0	0.0	0.0	0.0	0.0	
If	0.0	0.0	0.0	0.0	0.0	1.0	0.0	
Fabian	0.0	1.0	0.0	0.0	0.0	0.0	0.0	
quitters	0.0	1.0	0.0	0.0	0.0	0.0	0.0	
motivate	0.0	0.0	1.0	0.0	0.0	0.0	0.0	
In	0.0	0.0	0.0	0.0	0.0	1.0	0.0	
grease	0.0	0.0	0.0	0.0	0.0	1.0	0.0	
CHANGES	0.0	0.0	0.0	0.0	0.0	1.0	0.0	
indoors	0.0	0.0	0.0	0.0	1.0	0.0	0.0	
highlighted	0.0	0.0	1.0	0.0	0.0	0.0	0.0	
Day	0.0	1.0	0.0	0.0	0.0	0.0	0.0	
It	0.0	1.0	0.0	0.0	0.0	0.0	0.0	
considered	0.0	0.0	0.0	0.0	0.0	1.0	0.0	
politician	0.0	1.0	0.0	0.0	0.0	0.0	0.0	
ancestral	0.0	0.0	0.0	1.0	0.0	0.0	0.0	
east	0.0	1.0	0.0	0.0	0.0	0.0	0.0	
building	0.0	1.0	0.0	0.0	0.0	0.0	0.0	
annual	0.0	0.0	0.0	1.0	0.0	0.0	0.0	
political	0.0	0.0	0.0	1.0	0.0	0.0	0.0	
added	0.0	0.0	1.0	0.0	0.0	0.0	0.0	
gives	0.0	0.0	1.0	0.0	0.0	0.0	0.0	
your	0.0	0.0	0.0	0.0	0.0	1.0	0.0	
agreement	0.0	1.0	0.0	0.0	0.0	0.0	0.0	
play	0.0	0.0	1.0	0.0	0.0	0.0	0.0	
WHO	0.0	1.0	0.0	0.0	0.0	0.0	0.0	
provision	0.0	1.0	0.0	0.0	0.0	0.0	0.0	
fitted	0.0	0.0	0.0	0.0	0.0	1.0	0.0	
ongoing	0.0	0.0	0.0	1.0	0.0	0.0	0.0	
Education	0.0	1.0	0.0	0.0	0.0	0.0	0.0	
objectives	0.0	1.0	0.0	0.0	0.0	0.0	0.0	
plan	0.0	0.0	1.0	0.0	0.0	0.0	0.0	
mentally	0.0	0.0	0.0	0.0	1.0	0.0	0.0	
Thamesmead	0.0	1.0	0.0	0.0	0.0	0.0	0.0	
generations	0.0	1.0	0.0	0.0	0.0	0.0	0.0	
wife	0.0	1.0	0.0	0.0	0.0	0.0	0.0	
rankness	0.0	1.0	0.0	0.0	0.0	0.0	0.0	
Romanian	0.0	0.0	0.0	1.0	0.0	0.0	0.0	
also	0.0	0.0	0.0	0.0	1.0	0.0	0.0	
changes	0.0	1.0	0.0	0.0	0.0	0.0	0.0	
W5	0.0	0.0	0.0	0.0	0.0	1.0	0.0	
hardship	0.0	1.0	0.0	0.0	0.0	0.0	0.0	
newsletters	0.0	1.0	0.0	0.0	0.0	0.0	0.0	
equipment	0.0	1.0	0.0	0.0	0.0	0.0	0.0	
manage	0.0	0.0	1.0	0.0	0.0	0.0	0.0	
countries	0.0	1.0	0.0	0.0	0.0	0.0	0.0	
eyes	0.0	1.0	0.0	0.0	0.0	0.0	0.0	
recruit	0.0	0.0	1.0	0.0	0.0	0.0	0.0	
formerly	0.0	0.0	0.0	0.0	1.0	0.0	0.0	
Murphy	0.0	1.0	0.0	0.0	0.0	0.0	0.0	
polluted	0.0	0.0	0.0	1.0	0.0	0.0	0.0	
along	0.0	0.0	0.0	0.0	0.0	1.0	0.0	
alone	0.0	0.0	0.0	0.0	0.3333333333333333	0.6666666666666666	0.0	
supplies	0.0	0.0	1.0	0.0	0.0	0.0	0.0	
responsibility	0.0	1.0	0.0	0.0	0.0	0.0	0.0	
Recently	0.0	0.0	0.0	0.0	1.0	0.0	0.0	
US	0.0	1.0	0.0	0.0	0.0	0.0	0.0	
Volunteers	0.0	1.0	0.0	0.0	0.0	0.0	0.0	
adequate	0.0	0.0	0.0	1.0	0.0	0.0	0.0	
waiting	0.0	0.0	1.0	0.0	0.0	0.0	0.0	
To	0.0	0.0	0.0	0.0	0.0	1.0	0.0	
churches	0.0	1.0	0.0	0.0	0.0	0.0	0.0	
June	0.0	1.0	0.0	0.0	0.0	0.0	0.0	
attendance	0.0	1.0	0.0	0.0	0.0	0.0	0.0	
Race	0.0	0.0	0.0	0.0	0.0	1.0	0.0	
Patron	0.0	1.0	0.0	0.0	0.0	0.0	0.0	
UK	0.0	1.0	0.0	0.0	0.0	0.0	0.0	
sanctions	0.0	1.0	0.0	0.0	0.0	0.0	0.0	
quiet	0.0	0.0	0.0	1.0	0.0	0.0	0.0	
blood	0.0	1.0	0.0	0.0	0.0	0.0	0.0	
became	0.0	0.0	1.0	0.0	0.0	0.0	0.0	
Anne	0.0	1.0	0.0	0.0	0.0	0.0	0.0	
always	0.0	0.0	0.0	0.0	1.0	0.0	0.0	
colleagues	0.0	1.0	0.0	0.0	0.0	0.0	0.0	
convince	0.0	0.0	1.0	0.0	0.0	0.0	0.0	
unprotected	0.0	0.0	0.0	1.0	0.0	0.0	0.0	
standby	0.0	0.0	0.0	0.0	0.0	1.0	0.0	
St	0.0	1.0	0.0	0.0	0.0	0.0	0.0	
referred	0.0	0.0	1.0	0.0	0.0	0.0	0.0	
complex	0.0	0.0	0.0	0.0	0.0	1.0	0.0	
Patricia	0.0	1.0	0.0	0.0	0.0	0.0	0.0	
chronic	0.0	0.0	0.0	1.0	0.0	0.0	0.0	
use	0.0	1.0	0.0	0.0	0.0	0.0	0.0	
lengths	0.0	1.0	0.0	0.0	0.0	0.0	0.0	
letting	0.0	0.0	1.0	0.0	0.0	0.0	0.0	
difficult	0.0	0.0	0.0	1.0	0.0	0.0	0.0	
've	0.0	1.0	0.0	0.0	0.0	0.0	0.0	
designed	0.0	0.0	0.5	0.0	0.0	0.5	0.0	
Steeven	0.0	1.0	0.0	0.0	0.0	0.0	0.0	
We	0.0	1.0	0.0	0.0	0.0	0.0	0.0	
Creedy	0.0	1.0	0.0	0.0	0.0	0.0	0.0	
1970s	0.0	0.0	0.0	0.0	0.0	1.0	0.0	
best	0.0	0.0	0.0	1.0	0.0	0.0	0.0	
syringe	0.0	0.0	0.0	0.0	0.0	1.0	0.0	
baby	0.0	1.0	0.0	0.0	0.0	0.0	0.0	
International	0.0	0.0	0.0	1.0	0.0	0.0	0.0	
whatever	0.0	0.0	0.0	0.0	0.0	1.0	0.0	
pneumonias	0.0	1.0	0.0	0.0	0.0	0.0	0.0	
come	0.0	0.0	1.0	0.0	0.0	0.0	0.0	
back	0.0	0.16666666666666666	0.0	0.0	0.8333333333333334	0.0	0.0	
seen	0.0	0.0	1.0	0.0	0.0	0.0	0.0	
Daysitting	0.0	0.0	1.0	0.0	0.0	0.0	0.0	
seem	0.0	0.0	1.0	0.0	0.0	0.0	0.0	
material	0.0	1.0	0.0	0.0	0.0	0.0	0.0	
talking	0.0	0.0	1.0	0.0	0.0	0.0	0.0	
July	0.0	1.0	0.0	0.0	0.0	0.0	0.0	
down	0.0	0.0	0.0	0.0	0.6666666666666666	0.3333333333333333	0.0	
week	0.0	1.0	0.0	0.0	0.0	0.0	0.0	
hills	0.0	1.0	0.0	0.0	0.0	0.0	0.0	
CAKES	0.0	1.0	0.0	0.0	0.0	0.0	0.0	
remit	0.0	1.0	0.0	0.0	0.0	0.0	0.0	
CHILDREN	0.0	1.0	0.0	0.0	0.0	0.0	0.0	
busy	0.0	0.0	0.0	1.0	0.0	0.0	0.0	
marvellous	0.0	0.0	0.0	1.0	0.0	0.0	0.0	
good	0.0	0.0	0.0	1.0	0.0	0.0	0.0	
News	0.0	1.0	0.0	0.0	0.0	0.0	0.0	
grief	0.0	1.0	0.0	0.0	0.0	0.0	0.0	
debilitating	0.0	0.0	0.0	1.0	0.0	0.0	0.0	
understood	0.0	0.0	1.0	0.0	0.0	0.0	0.0	
lunch	0.0	1.0	0.0	0.0	0.0	0.0	0.0	
Thames	0.0	1.0	0.0	0.0	0.0	0.0	0.0	
heightened	0.0	0.0	1.0	0.0	0.0	0.0	0.0	
control	0.0	1.0	0.0	0.0	0.0	0.0	0.0	
whose	0.0	0.0	0.0	0.0	0.0	1.0	0.0	
condition	0.0	1.0	0.0	0.0	0.0	0.0	0.0	
explanation	0.0	1.0	0.0	0.0	0.0	0.0	0.0	
Hospital	0.0	1.0	0.0	0.0	0.0	0.0	0.0	
Harris	0.0	1.0	0.0	0.0	0.0	0.0	0.0	
behind	0.0	0.0	0.0	0.0	0.0	1.0	0.0	
gone	0.0	0.0	1.0	0.0	0.0	0.0	0.0	
period	0.0	1.0	0.0	0.0	0.0	0.0	0.0	
pub	0.0	1.0	0.0	0.0	0.0	0.0	0.0	
leaders	0.0	1.0	0.0	0.0	0.0	0.0	0.0	
difference	0.0	1.0	0.0	0.0	0.0	0.0	0.0	
whereas	0.0	0.0	0.0	0.0	0.0	1.0	0.0	
tremors	0.0	1.0	0.0	0.0	0.0	0.0	0.0	
Emperor	0.0	1.0	0.0	0.0	0.0	0.0	0.0	
whom	0.0	1.0	0.0	0.0	0.0	0.0	0.0	
got	0.0	0.0	0.0	0.0	0.0	1.0	0.0	
languishes	0.0	0.0	1.0	0.0	0.0	0.0	0.0	
car	0.0	1.0	0.0	0.0	0.0	0.0	0.0	
can	0.0	0.0	1.0	0.0	0.0	0.0	0.0	
children	0.0	1.0	0.0	0.0	0.0	0.0	0.0	
Speaking	0.0	0.0	1.0	0.0	0.0	0.0	0.0	
So	0.0	0.0	0.0	0.0	1.0	0.0	0.0	
ranging	0.0	0.0	1.0	0.0	0.0	0.0	0.0	
China	0.0	0.0	0.0	0.0	0.0	1.0	0.0	
regular	0.0	0.0	0.0	1.0	0.0	0.0	0.0	
299293	0.0	0.0	0.0	0.0	0.0	1.0	0.0	
killings	0.0	1.0	0.0	0.0	0.0	0.0	0.0	
FOOTBALL	0.0	1.0	0.0	0.0	0.0	0.0	0.0	
you	0.0	1.0	0.0	0.0	0.0	0.0	0.0	
mattered	0.0	0.0	1.0	0.0	0.0	0.0	0.0	
English	0.0	0.5	0.0	0.5	0.0	0.0	0.0	
cry	0.0	1.0	0.0	0.0	0.0	0.0	0.0	
immediate	0.0	0.0	0.0	1.0	0.0	0.0	0.0	
illnesses	0.0	1.0	0.0	0.0	0.0	0.0	0.0	
anything	0.0	1.0	0.0	0.0	0.0	0.0	0.0	
Denise	0.0	1.0	0.0	0.0	0.0	0.0	0.0	
OFFICE	0.0	1.0	0.0	0.0	0.0	0.0	0.0	
hakwai	0.0	1.0	0.0	0.0	0.0	0.0	0.0	
registered	0.0	0.0	0.0	1.0	0.0	0.0	0.0	
regional	0.0	0.0	0.0	1.0	0.0	0.0	0.0	
changing	0.0	0.0	0.0	0.0	0.0	1.0	0.0	
increase	0.0	1.0	0.0	0.0	0.0	0.0	0.0	
weak	0.0	0.0	0.0	1.0	0.0	0.0	0.0	
involvement	0.0	1.0	0.0	0.0	0.0	0.0	0.0	
person	0.0	1.0	0.0	0.0	0.0	0.0	0.0	
Service	0.0	0.6666666666666666	0.0	0.0	0.0	0.3333333333333333	0.0	
congregation	0.0	1.0	0.0	0.0	0.0	0.0	0.0	
VOLUNTEER	0.0	0.0	0.0	0.0	0.0	1.0	0.0	
gasping	0.0	0.0	1.0	0.0	0.0	0.0	0.0	
WHAT	0.0	0.0	0.0	0.0	0.0	1.0	0.0	
Dying	0.0	0.0	0.0	0.0	0.0	1.0	0.0	
house	0.0	1.0	0.0	0.0	0.0	0.0	0.0	
Life	0.0	1.0	0.0	0.0	0.0	0.0	0.0	
people	0.0	1.0	0.0	0.0	0.0	0.0	0.0	
beyond	0.0	0.0	0.0	0.0	0.0	1.0	0.0	
understands	0.0	0.0	1.0	0.0	0.0	0.0	0.0	
Roche	0.0	1.0	0.0	0.0	0.0	0.0	0.0	
housework	0.0	1.0	0.0	0.0	0.0	0.0	0.0	
concentrates	0.0	0.0	0.0	0.0	0.0	1.0	0.0	
Northampton	0.0	1.0	0.0	0.0	0.0	0.0	0.0	
spending	0.0	0.0	1.0	0.0	0.0	0.0	0.0	
million	0.0	0.0	0.0	0.0	0.0	1.0	0.0	
DIRECTOR	0.0	1.0	0.0	0.0	0.0	0.0	0.0	
hours	0.0	1.0	0.0	0.0	0.0	0.0	0.0	
CARE	0.0	0.0	0.0	0.0	0.0	1.0	0.0	
Around	0.0	0.0	0.0	0.0	0.0	1.0	0.0	
MARATHON	0.0	0.0	0.0	0.0	0.0	1.0	0.0	
gaps	0.0	1.0	0.0	0.0	0.0	0.0	0.0	
stopped	0.0	0.0	1.0	0.0	0.0	0.0	0.0	
planning	0.0	0.0	0.0	0.0	0.0	1.0	0.0	
backed	0.0	0.0	1.0	0.0	0.0	0.0	0.0	
alienation	0.0	1.0	0.0	0.0	0.0	0.0	0.0	
pharmaceutical	0.0	0.0	0.0	1.0	0.0	0.0	0.0	
distinguishes	0.0	0.0	1.0	0.0	0.0	0.0	0.0	
inspect	0.0	0.0	1.0	0.0	0.0	0.0	0.0	
straightforward	0.0	0.0	0.0	1.0	0.0	0.0	0.0	
put	0.0	0.0	1.0	0.0	0.0	0.0	0.0	
jumble	0.0	1.0	0.0	0.0	0.0	0.0	0.0	
secure	0.0	0.0	1.0	0.0	0.0	0.0	0.0	
Caribbean	0.0	0.25	0.0	0.75	0.0	0.0	0.0	
pandemic	0.0	0.0	0.0	1.0	0.0	0.0	0.0	
Aspects	0.0	1.0	0.0	0.0	0.0	0.0	0.0	
antic	0.0	0.0	0.0	0.0	0.0	1.0	0.0	
Unit	0.0	1.0	0.0	0.0	0.0	0.0	0.0	
according	0.0	0.0	0.0	0.0	0.0	1.0	0.0	
modern	0.0	0.0	0.0	1.0	0.0	0.0	0.0	
believed	0.0	0.0	1.0	0.0	0.0	0.0	0.0	
twice	0.0	0.0	0.0	0.0	1.0	0.0	0.0	
transport	0.0	1.0	0.0	0.0	0.0	0.0	0.0	
sell	0.0	0.0	1.0	0.0	0.0	0.0	0.0	
capacity	0.0	1.0	0.0	0.0	0.0	0.0	0.0	
Just	0.0	0.0	0.0	0.0	1.0	0.0	0.0	
believes	0.0	0.0	1.0	0.0	0.0	0.0	0.0	
just	0.0	0.0	0.0	0.0	0.8333333333333334	0.16666666666666666	0.0	
prospective	0.0	0.0	0.0	1.0	0.0	0.0	0.0	
post	0.0	1.0	0.0	0.0	0.0	0.0	0.0	
cases	0.0	1.0	0.0	0.0	0.0	0.0	0.0	
n't	0.0	0.0	1.0	0.0	0.0	0.0	0.0	
COMMUNITY	0.0	1.0	0.0	0.0	0.0	0.0	0.0	
theme	0.0	1.0	0.0	0.0	0.0	0.0	0.0	
dementia	0.0	1.0	0.0	0.0	0.0	0.0	0.0	
gut	0.0	1.0	0.0	0.0	0.0	0.0	0.0	
established	0.0	0.0	0.0	1.0	0.0	0.0	0.0	
Overseas	0.0	0.0	0.0	1.0	0.0	0.0	0.0	
loans	0.0	1.0	0.0	0.0	0.0	0.0	0.0	
Next	0.0	0.0	0.0	0.0	0.0	1.0	0.0	
led	0.0	0.0	1.0	0.0	0.0	0.0	0.0	
testify	0.0	0.0	1.0	0.0	0.0	0.0	0.0	
radio	0.0	1.0	0.0	0.0	0.0	0.0	0.0	
DISCO	0.0	1.0	0.0	0.0	0.0	0.0	0.0	
Press	0.0	0.0	0.0	0.0	0.0	1.0	0.0	
Catlin	0.0	1.0	0.0	0.0	0.0	0.0	0.0	
phone	0.0	0.0	1.0	0.0	0.0	0.0	0.0	
Editor	0.0	1.0	0.0	0.0	0.0	0.0	0.0	
but	0.0	0.0	0.0	0.0	0.0	1.0	0.0	
mystery	0.0	1.0	0.0	0.0	0.0	0.0	0.0	
Nurse	0.0	0.8	0.0	0.0	0.0	0.2	0.0	
enable	0.0	0.0	1.0	0.0	0.0	0.0	0.0	
raising	0.0	0.0	0.0	0.0	0.0	1.0	0.0	
remote	0.0	0.0	0.0	1.0	0.0	0.0	0.0	
used	0.0	0.0	1.0	0.0	0.0	0.0	0.0	
been	0.0	0.0	1.0	0.0	0.0	0.0	0.0	
together	0.0	0.0	0.0	0.0	1.0	0.0	0.0	
Arrive	0.0	0.0	1.0	0.0	0.0	0.0	0.0	
septicaemia	0.0	1.0	0.0	0.0	0.0	0.0	0.0	
nurse	0.0	1.0	0.0	0.0	0.0	0.0	0.0	
Nursing	0.0	0.0	0.0	0.0	0.0	1.0	0.0	
Medical	0.0	0.0	0.0	1.0	0.0	0.0	0.0	
Fundraising	0.0	1.0	0.0	0.0	0.0	0.0	0.0	
longer	0.0	0.0	0.0	0.3333333333333333	0.6666666666666666	0.0	0.0	
Positive	0.0	0.0	0.0	1.0	0.0	0.0	0.0	
About	0.0	0.0	0.0	0.0	0.0	1.0	0.0	
Named	0.0	0.0	1.0	0.0	0.0	0.0	0.0	
Official	0.0	0.0	0.0	1.0	0.0	0.0	0.0	
accountancy	0.0	1.0	0.0	0.0	0.0	0.0	0.0	
effectively	0.0	0.0	0.0	0.0	1.0	0.0	0.0	
situations	0.0	1.0	0.0	0.0	0.0	0.0	0.0	
literature	0.0	1.0	0.0	0.0	0.0	0.0	0.0	
BOARD	0.0	1.0	0.0	0.0	0.0	0.0	0.0	
Like	0.0	0.0	0.0	0.0	0.0	1.0	0.0	
Adviser	0.0	1.0	0.0	0.0	0.0	0.0	0.0	
picture	0.0	1.0	0.0	0.0	0.0	0.0	0.0	
booklet	0.0	1.0	0.0	0.0	0.0	0.0	0.0	
beds	0.0	1.0	0.0	0.0	0.0	0.0	0.0	
Following	0.0	0.0	1.0	0.0	0.0	0.0	0.0	
outlying	0.0	0.0	0.0	1.0	0.0	0.0	0.0	
Sutton	0.0	1.0	0.0	0.0	0.0	0.0	0.0	
Likewise	0.0	0.0	0.0	0.0	1.0	0.0	0.0	
highest	0.0	0.0	0.0	1.0	0.0	0.0	0.0	
statutory	0.0	0.0	0.0	1.0	0.0	0.0	0.0	
March	0.0	1.0	0.0	0.0	0.0	0.0	0.0	
phantasmagorical	0.0	0.0	0.0	1.0	0.0	0.0	0.0	
complement	0.0	0.0	0.0	0.0	0.0	1.0	0.0	
implications	0.0	1.0	0.0	0.0	0.0	0.0	0.0	
comprehend	0.0	0.0	1.0	0.0	0.0	0.0	0.0	
Borough	0.0	1.0	0.0	0.0	0.0	0.0	0.0	
infections	0.0	1.0	0.0	0.0	0.0	0.0	0.0	
exist	0.0	0.0	1.0	0.0	0.0	0.0	0.0	
cameras	0.0	1.0	0.0	0.0	0.0	0.0	0.0	
availability	0.0	1.0	0.0	0.0	0.0	0.0	0.0	
Community	0.0	1.0	0.0	0.0	0.0	0.0	0.0	
Both	0.0	0.0	0.0	0.0	0.6666666666666666	0.3333333333333333	0.0	
funding	0.0	0.5	0.0	0.0	0.0	0.5	0.0	
beginning	0.0	1.0	0.0	0.0	0.0	0.0	0.0	
pressure	0.0	0.0	0.0	0.0	0.0	1.0	0.0	
poor	0.0	0.0	0.0	1.0	0.0	0.0	0.0	
9th	0.0	0.0	0.0	0.0	0.0	1.0	0.0	
Chris	0.0	1.0	0.0	0.0	0.0	0.0	0.0	
begin	0.0	0.0	1.0	0.0	0.0	0.0	0.0	
around	0.0	0.0	0.0	0.0	0.0	1.0	0.0	
fixtures	0.0	1.0	0.0	0.0	0.0	0.0	0.0	
Gangs	0.0	1.0	0.0	0.0	0.0	0.0	0.0	
mercilessness	0.0	1.0	0.0	0.0	0.0	0.0	0.0	
their	0.0	0.0	0.0	0.0	0.0	1.0	0.0	
missed	0.0	0.0	1.0	0.0	0.0	0.0	0.0	
first	0.0	0.0	0.0	0.0	0.0	1.0	0.0	
fledgling	0.0	0.0	0.0	0.0	0.0	1.0	0.0	
clients	0.0	1.0	0.0	0.0	0.0	0.0	0.0	
Ardler	0.0	0.0	0.0	0.0	0.0	1.0	0.0	
causing	0.0	0.0	1.0	0.0	0.0	0.0	0.0	
said	0.0	0.0	1.0	0.0	0.0	0.0	0.0	
communities	0.0	1.0	0.0	0.0	0.0	0.0	0.0	
threat	0.0	1.0	0.0	0.0	0.0	0.0	0.0	
explained	0.0	0.0	1.0	0.0	0.0	0.0	0.0	
until	0.0	0.0	0.0	0.0	0.0	1.0	0.0	
Two	0.0	0.0	0.0	0.0	0.0	1.0	0.0	
Hopps	0.0	1.0	0.0	0.0	0.0	0.0	0.0	
story	0.0	1.0	0.0	0.0	0.0	0.0	0.0	
backwater	0.0	1.0	0.0	0.0	0.0	0.0	0.0	
politics	0.0	1.0	0.0	0.0	0.0	0.0	0.0	
Director	0.0	1.0	0.0	0.0	0.0	0.0	0.0	
breath	0.0	1.0	0.0	0.0	0.0	0.0	0.0	
Paul	0.0	1.0	0.0	0.0	0.0	0.0	0.0	
conflagration	0.0	1.0	0.0	0.0	0.0	0.0	0.0	
Midlands	0.0	1.0	0.0	0.0	0.0	0.0	0.0	
he	0.0	1.0	0.0	0.0	0.0	0.0	0.0	
transmission	0.0	1.0	0.0	0.0	0.0	0.0	0.0	
amid	0.0	0.0	0.0	0.0	0.0	1.0	0.0	
projects	0.0	0.6666666666666666	0.0	0.0	0.0	0.3333333333333333	0.0	
independently	0.0	0.0	0.0	0.0	1.0	0.0	0.0	
summoned	0.0	0.0	1.0	0.0	0.0	0.0	0.0	
Patrick	0.0	1.0	0.0	0.0	0.0	0.0	0.0	
retain	0.0	0.0	1.0	0.0	0.0	0.0	0.0	
air	0.0	1.0	0.0	0.0	0.0	0.0	0.0	
hospital	0.0	1.0	0.0	0.0	0.0	0.0	0.0	
go	0.0	0.0	1.0	0.0	0.0	0.0	0.0	
idea	0.0	1.0	0.0	0.0	0.0	0.0	0.0	
raise	0.0	0.0	1.0	0.0	0.0	0.0	0.0	
rewarding	0.0	0.0	0.0	1.0	0.0	0.0	0.0	
Ridge	0.0	1.0	0.0	0.0	0.0	0.0	0.0	
de	0.0	1.0	0.0	0.0	0.0	0.0	0.0	
stops	0.0	0.0	1.0	0.0	0.0	0.0	0.0	
loot	0.0	1.0	0.0	0.0	0.0	0.0	0.0	
consider	0.0	0.0	1.0	0.0	0.0	0.0	0.0	
write	0.0	0.0	1.0	0.0	0.0	0.0	0.0	
current	0.0	0.0	0.0	1.0	0.0	0.0	0.0	
do	0.0	0.0	1.0	0.0	0.0	0.0	0.0	
left	0.0	0.0	0.5	0.0	0.0	0.5	0.0	
affecting	0.0	0.0	1.0	0.0	0.0	0.0	0.0	
River	0.0	1.0	0.0	0.0	0.0	0.0	0.0	
evening	0.0	1.0	0.0	0.0	0.0	0.0	0.0	
sexuality	0.0	1.0	0.0	0.0	0.0	0.0	0.0	
man	0.0	1.0	0.0	0.0	0.0	0.0	0.0	
look	0.0	0.0	1.0	0.0	0.0	0.0	0.0	
weekly	0.0	0.0	0.0	1.0	0.0	0.0	0.0	
safe	0.0	0.0	0.0	1.0	0.0	0.0	0.0	
ironing	0.0	0.0	0.0	0.0	0.0	1.0	0.0	
beat	0.0	1.0	0.0	0.0	0.0	0.0	0.0	
Ahmed	0.0	1.0	0.0	0.0	0.0	0.0	0.0	
may	0.0	0.0	1.0	0.0	0.0	0.0	0.0	
organizations	0.0	1.0	0.0	0.0	0.0	0.0	0.0	
needs	0.0	0.8571428571428571	0.14285714285714285	0.0	0.0	0.0	0.0	
answerphone	0.0	1.0	0.0	0.0	0.0	0.0	0.0	
barricaded	0.0	0.0	0.0	0.0	0.0	1.0	0.0	
independent	0.0	0.0	0.0	1.0	0.0	0.0	0.0	
lesions	0.0	1.0	0.0	0.0	0.0	0.0	0.0	
Link	0.0	0.6666666666666666	0.0	0.0	0.0	0.3333333333333333	0.0	
what	0.0	0.0	0.0	0.0	0.0	1.0	0.0	
Greater	0.0	1.0	0.0	0.0	0.0	0.0	0.0	
ago	0.0	0.0	0.0	0.0	1.0	0.0	0.0	
gathered	0.0	0.0	1.0	0.0	0.0	0.0	0.0	
Hawthorne	0.0	1.0	0.0	0.0	0.0	0.0	0.0	
yet	0.0	0.0	0.0	0.0	1.0	0.0	0.0	
2000	0.0	0.0	0.0	0.0	0.0	1.0	0.0	
ca	0.0	0.0	1.0	0.0	0.0	0.0	0.0	
normal	0.0	0.0	0.0	1.0	0.0	0.0	0.0	
qualifying	0.0	0.0	1.0	0.0	0.0	0.0	0.0	
abroad	0.0	0.0	0.0	0.0	1.0	0.0	0.0	
by	0.0	0.0	0.0	0.0	0.0	1.0	0.0	
aware	0.0	0.0	0.0	1.0	0.0	0.0	0.0	
long	0.0	0.0	0.0	0.3333333333333333	0.3333333333333333	0.3333333333333333	0.0	
backwaters	0.0	1.0	0.0	0.0	0.0	0.0	0.0	
deal	0.0	0.0	1.0	0.0	0.0	0.0	0.0	
would	0.0	0.0	1.0	0.0	0.0	0.0	0.0	
unlike	0.0	0.0	0.0	0.0	0.0	1.0	0.0	
Trobridge	0.0	1.0	0.0	0.0	0.0	0.0	0.0	
future	0.0	0.0	0.0	0.0	0.0	1.0	0.0	
Wealthy	0.0	0.0	0.0	1.0	0.0	0.0	0.0	
any	0.0	0.0	0.0	0.0	0.0	1.0	0.0	
dead	0.0	0.0	0.0	1.0	0.0	0.0	0.0	
aims	0.0	0.0	1.0	0.0	0.0	0.0	0.0	
accessibility	0.0	1.0	0.0	0.0	0.0	0.0	0.0	
be	0.0	0.0	1.0	0.0	0.0	0.0	0.0	
financial	0.0	0.0	0.0	1.0	0.0	0.0	0.0	
slum	0.0	1.0	0.0	0.0	0.0	0.0	0.0	
stress	0.0	1.0	0.0	0.0	0.0	0.0	0.0	
contemptible	0.0	0.0	0.0	1.0	0.0	0.0	0.0	
learn	0.0	0.0	1.0	0.0	0.0	0.0	0.0	
and	0.0	0.0	0.0	0.0	0.0	1.0	0.0	
reaffirmation	0.0	1.0	0.0	0.0	0.0	0.0	0.0	
Last	0.0	0.0	0.0	0.0	0.0	1.0	0.0	
Benson	0.0	1.0	0.0	0.0	0.0	0.0	0.0	
classical	0.0	0.0	0.0	1.0	0.0	0.0	0.0	
played	0.0	0.0	0.5	0.0	0.0	0.5	0.0	
maximum	0.0	0.0	0.0	1.0	0.0	0.0	0.0	
doing	0.0	0.0	1.0	0.0	0.0	0.0	0.0	
Kunstler	0.0	1.0	0.0	0.0	0.0	0.0	0.0	
educational	0.0	0.0	0.0	1.0	0.0	0.0	0.0	
Institute	0.0	1.0	0.0	0.0	0.0	0.0	0.0	
Office	0.0	1.0	0.0	0.0	0.0	0.0	0.0	
collect	0.0	0.0	1.0	0.0	0.0	0.0	0.0	
Changing	0.0	0.0	0.0	0.0	0.0	1.0	0.0	
does	0.0	0.0	1.0	0.0	0.0	0.0	0.0	
doer	0.0	1.0	0.0	0.0	0.0	0.0	0.0	
remember	0.0	0.0	1.0	0.0	0.0	0.0	0.0	
PORTSMOUTH	0.0	1.0	0.0	0.0	0.0	0.0	0.0	
funded	0.0	0.0	1.0	0.0	0.0	0.0	0.0	
intentions	0.0	1.0	0.0	0.0	0.0	0.0	0.0	
outwardly	0.0	0.0	0.0	0.0	1.0	0.0	0.0	
Emily	0.0	1.0	0.0	0.0	0.0	0.0	0.0	
existing	0.0	0.0	0.0	1.0	0.0	0.0	0.0	
adapt	0.0	0.0	1.0	0.0	0.0	0.0	0.0	
BECOMING	0.0	0.0	1.0	0.0	0.0	0.0	0.0	
island	0.0	1.0	0.0	0.0	0.0	0.0	0.0	
statistics	0.0	1.0	0.0	0.0	0.0	0.0	0.0	
treats	0.0	0.0	0.0	0.0	0.0	1.0	0.0	
met	0.0	0.0	0.6666666666666666	0.0	0.0	0.3333333333333333	0.0	
defence	0.0	1.0	0.0	0.0	0.0	0.0	0.0	
hands	0.0	0.0	0.0	0.0	0.0	1.0	0.0	
buried	0.0	0.0	0.0	0.0	0.0	1.0	0.0	
trip	0.0	1.0	0.0	0.0	0.0	0.0	0.0	
men	0.0	1.0	0.0	0.0	0.0	0.0	0.0	
Radio	0.0	0.8571428571428571	0.0	0.0	0.0	0.14285714285714285	0.0	
foundered	0.0	0.0	1.0	0.0	0.0	0.0	0.0	
members	0.0	1.0	0.0	0.0	0.0	0.0	0.0	
all	0.0	0.0	0.0	0.0	0.0	1.0	0.0	
houses	0.0	1.0	0.0	0.0	0.0	0.0	0.0	
criticised	0.0	0.0	1.0	0.0	0.0	0.0	0.0	
You	0.0	1.0	0.0	0.0	0.0	0.0	0.0	
yields	0.0	0.0	1.0	0.0	0.0	0.0	0.0	
makes	0.0	0.0	1.0	0.0	0.0	0.0	0.0	
at	0.0	0.0	0.0	0.0	0.057692307692307696	0.9423076923076923	0.0	
as	0.0	0.0	0.0	0.0	0.16	0.84	0.0	
National	0.0	0.0	0.0	1.0	0.0	0.0	0.0	
pneumocystis	0.0	1.0	0.0	0.0	0.0	0.0	0.0	
racial	0.0	0.0	0.0	1.0	0.0	0.0	0.0	
emotional	0.0	0.0	0.0	1.0	0.0	0.0	0.0	
am	0.0	0.0	1.0	0.0	0.0	0.0	0.0	
an	0.0	0.0	0.0	0.0	0.0	1.0	0.0	
meeting	0.0	0.0	0.0	0.0	0.0	1.0	0.0	
privilege	0.0	1.0	0.0	0.0	0.0	0.0	0.0	
SALE	0.0	1.0	0.0	0.0	0.0	0.0	0.0	
approach	0.0	1.0	0.0	0.0	0.0	0.0	0.0	
growth	0.0	1.0	0.0	0.0	0.0	0.0	0.0	
employment	0.0	1.0	0.0	0.0	0.0	0.0	0.0	
discusses	0.0	0.0	1.0	0.0	0.0	0.0	0.0	
automobile	0.0	1.0	0.0	0.0	0.0	0.0	0.0	
no	0.0	0.0	0.0	0.0	0.2727272727272727	0.7272727272727273	0.0	
socialist	0.0	0.0	0.0	1.0	0.0	0.0	0.0	
Chalmers	0.0	1.0	0.0	0.0	0.0	0.0	0.0	
fixed	0.0	0.0	1.0	0.0	0.0	0.0	0.0	
Sexuality	0.0	1.0	0.0	0.0	0.0	0.0	0.0	
of	0.0	0.0	0.0	0.0	0.0	1.0	0.0	
whites	0.0	1.0	0.0	0.0	0.0	0.0	0.0	
button	0.0	1.0	0.0	0.0	0.0	0.0	0.0	
confirmation	0.0	1.0	0.0	0.0	0.0	0.0	0.0	
on	0.0	0.0	0.0	0.0	0.03508771929824561	0.9649122807017544	0.0	
Returning	0.0	0.0	1.0	0.0	0.0	0.0	0.0	
regime	0.0	1.0	0.0	0.0	0.0	0.0	0.0	
move	0.0	0.0	0.5	0.0	0.0	0.5	0.0	
limit	0.0	1.0	0.0	0.0	0.0	0.0	0.0	
animals	0.0	1.0	0.0	0.0	0.0	0.0	0.0	
maybe	0.0	0.0	0.0	0.0	1.0	0.0	0.0	
commitment	0.0	1.0	0.0	0.0	0.0	0.0	0.0	
or	0.0	0.0	0.0	0.0	0.0	1.0	0.0	
done	0.0	0.0	1.0	0.0	0.0	0.0	0.0	
reality	0.0	1.0	0.0	0.0	0.0	0.0	0.0	
Frankfurt	0.0	1.0	0.0	0.0	0.0	0.0	0.0	
pressing	0.0	0.0	1.0	0.0	0.0	0.0	0.0	
month	0.0	1.0	0.0	0.0	0.0	0.0	0.0	
small	0.0	0.0	0.0	1.0	0.0	0.0	0.0	
expert	0.0	0.0	0.0	0.0	0.0	1.0	0.0	
plans	0.0	1.0	0.0	0.0	0.0	0.0	0.0	
series	0.0	1.0	0.0	0.0	0.0	0.0	0.0	
Sixties	0.0	0.0	0.0	0.0	0.0	1.0	0.0	
interval	0.0	1.0	0.0	0.0	0.0	0.0	0.0	
dominated	0.0	0.0	1.0	0.0	0.0	0.0	0.0	
schoolchildren	0.0	1.0	0.0	0.0	0.0	0.0	0.0	
most	0.0	0.0	0.0	0.0	0.5	0.5	0.0	
wound	0.0	0.0	1.0	0.0	0.0	0.0	0.0	
across	0.0	0.0	0.0	0.0	0.0	1.0	0.0	
Newsroom	0.0	1.0	0.0	0.0	0.0	0.0	0.0	
Illnesses	0.0	1.0	0.0	0.0	0.0	0.0	0.0	
patients	0.0	1.0	0.0	0.0	0.0	0.0	0.0	
Choice	0.0	1.0	0.0	0.0	0.0	0.0	0.0	
officially	0.0	0.0	0.0	0.0	1.0	0.0	0.0	
Andrew	0.0	1.0	0.0	0.0	0.0	0.0	0.0	
me	0.0	1.0	0.0	0.0	0.0	0.0	0.0	
published	0.0	0.0	0.6666666666666666	0.3333333333333333	0.0	0.0	0.0	
situation	0.0	1.0	0.0	0.0	0.0	0.0	0.0	
internal	0.0	0.0	0.0	1.0	0.0	0.0	0.0	
completed	0.0	0.0	1.0	0.0	0.0	0.0	0.0	
Future	0.0	1.0	0.0	0.0	0.0	0.0	0.0	
ideas	0.0	1.0	0.0	0.0	0.0	0.0	0.0	
Early	0.0	0.0	0.0	0.0	1.0	0.0	0.0	
Hutchins	0.0	1.0	0.0	0.0	0.0	0.0	0.0	
realise	0.0	0.0	1.0	0.0	0.0	0.0	0.0	
distorted	0.0	0.0	0.0	1.0	0.0	0.0	0.0	
absolutely	0.0	0.0	0.0	0.0	1.0	0.0	0.0	
Everywhere	0.0	0.0	0.0	0.0	1.0	0.0	0.0	
organisation	0.0	1.0	0.0	0.0	0.0	0.0	0.0	
developments	0.0	1.0	0.0	0.0	0.0	0.0	0.0	
vague	0.0	0.0	0.0	1.0	0.0	0.0	0.0	
crawl	0.0	0.0	0.0	0.0	0.0	1.0	0.0	
my	0.0	0.0	0.0	0.0	0.0	1.0	0.0	
representatives	0.0	1.0	0.0	0.0	0.0	0.0	0.0	
overseeing	0.0	0.0	1.0	0.0	0.0	0.0	0.0	
subtitled	0.0	0.0	1.0	0.0	0.0	0.0	0.0	
item	0.0	1.0	0.0	0.0	0.0	0.0	0.0	
earth	0.0	1.0	0.0	0.0	0.0	0.0	0.0	
Ealing	0.0	1.0	0.0	0.0	0.0	0.0	0.0	
produce	0.0	0.0	1.0	0.0	0.0	0.0	0.0	
individual	0.0	0.25	0.0	0.25	0.0	0.5	0.0	
last	0.0	0.0	0.0	0.0	0.0	1.0	0.0	
sometimes	0.0	0.0	0.0	0.0	1.0	0.0	0.0	
recognition	0.0	1.0	0.0	0.0	0.0	0.0	0.0	
being	0.0	0.0	1.0	0.0	0.0	0.0	0.0	
Maurice	0.0	1.0	0.0	0.0	0.0	0.0	0.0	
Powrie	0.0	1.0	0.0	0.0	0.0	0.0	0.0	
Chapman	0.0	1.0	0.0	0.0	0.0	0.0	0.0	
actually	0.0	0.0	0.0	0.0	1.0	0.0	0.0	
India	0.0	1.0	0.0	0.0	0.0	0.0	0.0	
military	0.0	0.0	0.0	1.0	0.0	0.0	0.0	
caused	0.0	0.0	1.0	0.0	0.0	0.0	0.0	
love	0.0	0.5	0.0	0.0	0.0	0.5	0.0	
contacted	0.0	0.0	1.0	0.0	0.0	0.0	0.0	
regularly	0.0	0.0	0.0	0.0	1.0	0.0	0.0	
more	0.0	0.0	0.0	0.0	0.7692307692307693	0.23076923076923078	0.0	
Professor	0.0	1.0	0.0	0.0	0.0	0.0	0.0	
when	0.0	0.0	0.0	0.0	0.0	1.0	0.0	
perfectly	0.0	0.0	0.0	0.0	1.0	0.0	0.0	
train	0.0	0.0	0.5	0.0	0.0	0.5	0.0	
Diseases	0.0	1.0	0.0	0.0	0.0	0.0	0.0	
Tony	0.0	1.0	0.0	0.0	0.0	0.0	0.0	
grounds	0.0	1.0	0.0	0.0	0.0	0.0	0.0	
homes	0.0	1.0	0.0	0.0	0.0	0.0	0.0	
Baptist	0.0	0.0	0.0	0.0	0.0	1.0	0.0	
lover	0.0	1.0	0.0	0.0	0.0	0.0	0.0	
spell	0.0	1.0	0.0	0.0	0.0	0.0	0.0	
live	0.0	0.0	0.75	0.25	0.0	0.0	0.0	
Stephens	0.0	1.0	0.0	0.0	0.0	0.0	0.0	
flat	0.0	0.5	0.0	0.5	0.0	0.0	0.0	
intimations	0.0	1.0	0.0	0.0	0.0	0.0	0.0	
debility	0.0	1.0	0.0	0.0	0.0	0.0	0.0	
studied	0.0	0.0	1.0	0.0	0.0	0.0	0.0	
late	0.0	0.0	0.0	1.0	0.0	0.0	0.0	
Trinidad	0.0	1.0	0.0	0.0	0.0	0.0	0.0	
moon	0.0	1.0	0.0	0.0	0.0	0.0	0.0	
slums	0.0	1.0	0.0	0.0	0.0	0.0	0.0	
loss	0.0	1.0	0.0	0.0	0.0	0.0	0.0	
reactions	0.0	1.0	0.0	0.0	0.0	0.0	0.0	
volunteer	0.0	0.6	0.0	0.0	0.0	0.4	0.0	
referral	0.0	1.0	0.0	0.0	0.0	0.0	0.0	
Yes	0.0	0.0	0.0	0.0	0.0	1.0	0.0	
drift	0.0	0.0	1.0	0.0	0.0	0.0	0.0	
playing	0.0	0.0	1.0	0.0	0.0	0.0	0.0	
selected	0.0	0.0	0.0	0.0	0.0	1.0	0.0	
continuing	0.0	0.0	0.0	1.0	0.0	0.0	0.0	
extent	0.0	1.0	0.0	0.0	0.0	0.0	0.0	
partners	0.0	1.0	0.0	0.0	0.0	0.0	0.0	
illness	0.0	1.0	0.0	0.0	0.0	0.0	0.0	
if	0.0	0.0	0.0	0.0	0.0	1.0	0.0	
May	0.0	1.0	0.0	0.0	0.0	0.0	0.0	
sexual	0.0	0.0	0.0	1.0	0.0	0.0	0.0	
Grief	0.0	1.0	0.0	0.0	0.0	0.0	0.0	
spent	0.0	0.0	1.0	0.0	0.0	0.0	0.0	
celebrate	0.0	0.0	1.0	0.0	0.0	0.0	0.0	
5TF	0.0	0.0	0.0	0.0	0.0	1.0	0.0	
less	0.0	0.0	0.0	0.0	1.0	0.0	0.0	
Shopping	0.0	0.0	0.0	0.0	0.0	1.0	0.0	
Without	0.0	0.0	0.0	0.0	0.0	1.0	0.0	
those	0.0	0.0	0.0	0.0	0.0	1.0	0.0	
is	0.0	0.0	1.0	0.0	0.0	0.0	0.0	
it	0.0	1.0	0.0	0.0	0.0	0.0	0.0	
ill	0.0	0.0	0.0	1.0	0.0	0.0	0.0	
agency	0.0	1.0	0.0	0.0	0.0	0.0	0.0	
nigger	0.0	1.0	0.0	0.0	0.0	0.0	0.0	
in	0.0	0.0	0.0	0.0	0.0440251572327044	0.9559748427672956	0.0	
know	0.0	0.0	1.0	0.0	0.0	0.0	0.0	
rapid	0.0	0.0	0.0	1.0	0.0	0.0	0.0	
spend	0.0	0.0	1.0	0.0	0.0	0.0	0.0	
two	0.0	0.0	0.0	0.0	0.0	1.0	0.0	
hurt	0.0	0.0	0.0	1.0	0.0	0.0	0.0	
opportunity	0.0	1.0	0.0	0.0	0.0	0.0	0.0	
twenty	0.0	0.0	0.0	0.0	0.0	1.0	0.0	
April	0.0	1.0	0.0	0.0	0.0	0.0	0.0	
necessary	0.0	0.0	0.0	1.0	0.0	0.0	0.0	
local	0.0	0.0	0.0	1.0	0.0	0.0	0.0	
act	0.0	1.0	0.0	0.0	0.0	0.0	0.0	
intelligent	0.0	0.0	0.0	1.0	0.0	0.0	0.0	
greater	0.0	0.0	0.0	1.0	0.0	0.0	0.0	
knew	0.0	0.0	1.0	0.0	0.0	0.0	0.0	
Regional	0.0	0.0	0.0	1.0	0.0	0.0	0.0	
villages	0.0	1.0	0.0	0.0	0.0	0.0	0.0	
Development	0.0	1.0	0.0	0.0	0.0	0.0	0.0	
BAKE	0.0	0.0	1.0	0.0	0.0	0.0	0.0	
ready	0.0	0.0	0.0	1.0	0.0	0.0	0.0	
Clifton	0.0	1.0	0.0	0.0	0.0	0.0	0.0	
encouraging	0.0	0.0	0.0	0.0	0.0	1.0	0.0	
1972	0.0	0.0	0.0	0.0	0.0	1.0	0.0	
nature	0.0	1.0	0.0	0.0	0.0	0.0	0.0	
1975	0.0	0.0	0.0	0.0	0.0	1.0	0.0	
occurring	0.0	0.0	1.0	0.0	0.0	0.0	0.0	
1979	0.0	0.0	0.0	0.0	0.0	1.0	0.0	
LONDON	0.0	1.0	0.0	0.0	0.0	0.0	0.0	
Project	0.0	1.0	0.0	0.0	0.0	0.0	0.0	
place	0.0	0.7142857142857143	0.0	0.0	0.0	0.2857142857142857	0.0	
serious	0.0	0.0	0.0	1.0	0.0	0.0	0.0	
going	0.0	0.0	1.0	0.0	0.0	0.0	0.0	
how	0.0	0.0	0.0	0.0	1.0	0.0	0.0	
American	0.0	0.0	0.0	1.0	0.0	0.0	0.0	
respite	0.0	0.0	1.0	0.0	0.0	0.0	0.0	
international	0.0	0.0	0.0	1.0	0.0	0.0	0.0	
Profile	0.0	0.0	0.0	0.0	0.0	1.0	0.0	
severely	0.0	0.0	0.0	0.0	1.0	0.0	0.0	
Raising	0.0	0.0	0.0	0.0	0.0	1.0	0.0	
1990	0.0	0.0	0.0	0.0	0.0	1.0	0.0	
pedal	0.0	0.0	0.0	0.0	0.0	1.0	0.0	
loan	0.0	1.0	0.0	0.0	0.0	0.0	0.0	
When	0.0	0.0	0.0	0.0	0.0	1.0	0.0	
1983	0.0	0.0	0.0	0.0	0.0	1.0	0.0	
1986	0.0	0.0	0.0	0.0	0.0	1.0	0.0	
chores	0.0	1.0	0.0	0.0	0.0	0.0	0.0	
1987	0.0	0.0	0.0	0.0	0.0	1.0	0.0	
prescriptions	0.0	1.0	0.0	0.0	0.0	0.0	0.0	
1984	0.0	0.0	0.0	0.0	0.0	1.0	0.0	
independence	0.0	1.0	0.0	0.0	0.0	0.0	0.0	
1988	0.0	0.0	0.0	0.0	0.0	1.0	0.0	
1989	0.0	0.0	0.0	0.0	0.0	1.0	0.0	
nearby	0.0	0.0	0.0	0.0	1.0	0.0	0.0	
survival	0.0	1.0	0.0	0.0	0.0	0.0	0.0	
try	0.0	0.0	1.0	0.0	0.0	0.0	0.0	
we	0.0	1.0	0.0	0.0	0.0	0.0	0.0	
Society	0.0	1.0	0.0	0.0	0.0	0.0	0.0	
reasonably	0.0	0.0	0.0	0.0	1.0	0.0	0.0	
Death	0.0	1.0	0.0	0.0	0.0	0.0	0.0	
graves	0.0	1.0	0.0	0.0	0.0	0.0	0.0	
give	0.0	0.0	1.0	0.0	0.0	0.0	0.0	
events	0.0	1.0	0.0	0.0	0.0	0.0	0.0	
simple	0.0	0.0	0.0	1.0	0.0	0.0	0.0	
collection	0.0	1.0	0.0	0.0	0.0	0.0	0.0	
date	0.0	1.0	0.0	0.0	0.0	0.0	0.0	
reasons	0.0	1.0	0.0	0.0	0.0	0.0	0.0	
running	0.0	1.0	0.0	0.0	0.0	0.0	0.0	
executed	0.0	0.0	1.0	0.0	0.0	0.0	0.0	
The	0.0	0.0	0.0	0.0	0.0	1.0	0.0	
risen	0.0	0.0	1.0	0.0	0.0	0.0	0.0	
1991	0.0	0.0	0.0	0.0	0.0	1.0	0.0	
numbers	0.0	1.0	0.0	0.0	0.0	0.0	0.0	
BOOT	0.0	0.0	0.0	0.0	0.0	1.0	0.0	
World	0.0	1.0	0.0	0.0	0.0	0.0	0.0	
hard	0.0	0.0	0.0	0.3333333333333333	0.0	0.6666666666666666	0.0	
ability	0.0	1.0	0.0	0.0	0.0	0.0	0.0	
solitary	0.0	0.0	0.0	1.0	0.0	0.0	0.0	
NOTICE	0.0	0.0	0.0	0.0	0.0	1.0	0.0	
catches	0.0	0.0	1.0	0.0	0.0	0.0	0.0	
previous	0.0	0.0	0.0	1.0	0.0	0.0	0.0	
front	0.0	0.0	0.0	0.0	0.0	1.0	0.0	
us	0.0	1.0	0.0	0.0	0.0	0.0	0.0	
speaks	0.0	0.0	1.0	0.0	0.0	0.0	0.0	
Coordinator	0.0	1.0	0.0	0.0	0.0	0.0	0.0	
eventually	0.0	0.0	0.0	0.0	1.0	0.0	0.0	
Most	0.0	0.0	0.0	0.0	0.0	1.0	0.0	
weeks	0.0	1.0	0.0	0.0	0.0	0.0	0.0	
up	0.0	0.0	0.0	0.0	0.7857142857142857	0.21428571428571427	0.0	
Information	0.0	1.0	0.0	0.0	0.0	0.0	0.0	
orphan	0.0	0.5	0.0	0.0	0.0	0.5	0.0	
pattern	0.0	1.0	0.0	0.0	0.0	0.0	0.0	
Swinging	0.0	0.0	0.0	0.0	0.0	1.0	0.0	
keen	0.0	0.0	0.0	1.0	0.0	0.0	0.0	
Kate	0.0	1.0	0.0	0.0	0.0	0.0	0.0	
part	0.0	1.0	0.0	0.0	0.0	0.0	0.0	
invited	0.0	0.0	1.0	0.0	0.0	0.0	0.0	
cancer	0.0	1.0	0.0	0.0	0.0	0.0	0.0	
happens	0.0	0.0	1.0	0.0	0.0	0.0	0.0	
keep	0.0	0.0	1.0	0.0	0.0	0.0	0.0	
to	0.0	0.0	0.0	0.0	0.0	1.0	0.0	
affects	0.0	0.0	1.0	0.0	0.0	0.0	0.0	
provide	0.0	0.0	1.0	0.0	0.0	0.0	0.0	
attend	0.0	0.0	1.0	0.0	0.0	0.0	0.0	
centre	0.0	1.0	0.0	0.0	0.0	0.0	0.0	
BACKWATERS	0.0	1.0	0.0	0.0	0.0	0.0	0.0	
half	0.0	0.0	0.0	0.0	0.5	0.5	0.0	
Christian	0.0	0.0	0.0	1.0	0.0	0.0	0.0	
Bureau	0.0	1.0	0.0	0.0	0.0	0.0	0.0	
hustler	0.0	1.0	0.0	0.0	0.0	0.0	0.0	
General	0.0	0.16666666666666666	0.0	0.3333333333333333	0.0	0.5	0.0	
Did	0.0	0.0	1.0	0.0	0.0	0.0	0.0	
lifestyle	0.0	1.0	0.0	0.0	0.0	0.0	0.0	
dark	0.0	0.0	0.0	1.0	0.0	0.0	0.0	
marginality	0.0	1.0	0.0	0.0	0.0	0.0	0.0	
Fund	0.0	1.0	0.0	0.0	0.0	0.0	0.0	
swallow	0.0	0.0	1.0	0.0	0.0	0.0	0.0	
Naipaul	0.0	1.0	0.0	0.0	0.0	0.0	0.0	
welcome	0.0	0.0	0.0	1.0	0.0	0.0	0.0	
Conference	0.0	1.0	0.0	0.0	0.0	0.0	0.0	
follow	0.0	0.0	1.0	0.0	0.0	0.0	0.0	
collecting	0.0	0.0	1.0	0.0	0.0	0.0	0.0	
however	0.0	0.0	0.0	0.0	1.0	0.0	0.0	
recognising	0.0	0.0	1.0	0.0	0.0	0.0	0.0	
so	0.0	0.0	0.0	0.0	0.45454545454545453	0.5454545454545454	0.0	
recognised	0.0	0.0	1.0	0.0	0.0	0.0	0.0	
effort	0.0	1.0	0.0	0.0	0.0	0.0	0.0	
pump	0.0	1.0	0.0	0.0	0.0	0.0	0.0	
providing	0.0	0.0	1.0	0.0	0.0	0.0	0.0	
unwell	0.0	0.0	0.0	1.0	0.0	0.0	0.0	
physically	0.0	0.0	0.0	0.0	1.0	0.0	0.0	
reduce	0.0	0.0	1.0	0.0	0.0	0.0	0.0	
helpful	0.0	0.0	0.0	1.0	0.0	0.0	0.0	
shortness	0.0	1.0	0.0	0.0	0.0	0.0	0.0	
enormously	0.0	0.0	0.0	0.0	1.0	0.0	0.0	
dug	0.0	0.0	1.0	0.0	0.0	0.0	0.0	
shopping	0.0	0.0	0.0	0.0	0.0	1.0	0.0	
birthday	0.0	1.0	0.0	0.0	0.0	0.0	0.0	
forum	0.0	1.0	0.0	0.0	0.0	0.0	0.0	
weight	0.0	1.0	0.0	0.0	0.0	0.0	0.0	
sudden	0.0	0.0	0.0	1.0	0.0	0.0	0.0	
Churches	0.0	1.0	0.0	0.0	0.0	0.0	0.0	
land	0.0	1.0	0.0	0.0	0.0	0.0	0.0	
catch	0.0	0.0	1.0	0.0	0.0	0.0	0.0	
unconditional	0.0	0.0	0.0	1.0	0.0	0.0	0.0	
appears	0.0	0.0	1.0	0.0	0.0	0.0	0.0	
hand	0.0	1.0	0.0	0.0	0.0	0.0	0.0	
journal	0.0	1.0	0.0	0.0	0.0	0.0	0.0	
Worker	0.0	1.0	0.0	0.0	0.0	0.0	0.0	
Londoners	0.0	1.0	0.0	0.0	0.0	0.0	0.0	
four	0.0	0.0	0.0	0.0	0.0	1.0	0.0	
plain	0.0	1.0	0.0	0.0	0.0	0.0	0.0	
Department	0.0	1.0	0.0	0.0	0.0	0.0	0.0	
drawn	0.0	0.0	1.0	0.0	0.0	0.0	0.0	
too	0.0	0.0	0.0	0.0	1.0	0.0	0.0	
muscle	0.0	1.0	0.0	0.0	0.0	0.0	0.0	
provides	0.0	0.0	1.0	0.0	0.0	0.0	0.0	
provider	0.0	1.0	0.0	0.0	0.0	0.0	0.0	
agricultural	0.0	0.0	0.0	1.0	0.0	0.0	0.0	
medicines	0.0	1.0	0.0	0.0	0.0	0.0	0.0	
needed	0.0	0.0	0.8333333333333334	0.0	0.0	0.16666666666666666	0.0	
months	0.0	1.0	0.0	0.0	0.0	0.0	0.0	
school	0.0	1.0	0.0	0.0	0.0	0.0	0.0	
State	0.0	1.0	0.0	0.0	0.0	0.0	0.0	
Registered	0.0	0.0	0.0	1.0	0.0	0.0	0.0	
provided	0.0	0.0	0.6363636363636364	0.0	0.0	0.36363636363636365	0.0	
increasingly	0.0	0.0	0.0	0.0	1.0	0.0	0.0	
certain	0.0	0.0	0.0	1.0	0.0	0.0	0.0	
Until	0.0	0.0	0.0	0.0	0.0	1.0	0.0	
During	0.0	0.0	0.0	0.0	0.0	1.0	0.0	
success	0.0	1.0	0.0	0.0	0.0	0.0	0.0	
Tortured	0.0	0.0	1.0	0.0	0.0	0.0	0.0	
cycles	0.0	1.0	0.0	0.0	0.0	0.0	0.0	
equip	0.0	0.0	1.0	0.0	0.0	0.0	0.0	
Indies	0.0	1.0	0.0	0.0	0.0	0.0	0.0	
test	0.0	1.0	0.0	0.0	0.0	0.0	0.0	
diagnosis	0.0	1.0	0.0	0.0	0.0	0.0	0.0	
organiser	0.0	1.0	0.0	0.0	0.0	0.0	0.0	
First	0.0	0.0	0.0	0.0	0.0	1.0	0.0	
pluck	0.0	0.0	1.0	0.0	0.0	0.0	0.0	
city	0.0	1.0	0.0	0.0	0.0	0.0	0.0	
expect	0.0	0.0	1.0	0.0	0.0	0.0	0.0	
course	0.0	1.0	0.0	0.0	0.0	0.0	0.0	
airport	0.0	1.0	0.0	0.0	0.0	0.0	0.0	
Mum	0.0	1.0	0.0	0.0	0.0	0.0	0.0	
are	0.0	0.0	1.0	0.0	0.0	0.0	0.0	
initial	0.0	0.0	0.0	0.0	0.0	1.0	0.0	
deaths	0.0	1.0	0.0	0.0	0.0	0.0	0.0	
vengeance	0.0	1.0	0.0	0.0	0.0	0.0	0.0	
occasions	0.0	1.0	0.0	0.0	0.0	0.0	0.0	
problems	0.0	1.0	0.0	0.0	0.0	0.0	0.0	
form	0.0	0.0	0.0	0.0	0.0	1.0	0.0	
did	0.0	0.0	1.0	0.0	0.0	0.0	0.0	
Virus	0.0	1.0	0.0	0.0	0.0	0.0	0.0	
interaction	0.0	1.0	0.0	0.0	0.0	0.0	0.0	
without	0.0	0.0	0.0	0.0	0.0	1.0	0.0	
largest	0.0	0.0	0.0	1.0	0.0	0.0	0.0	
Christine	0.0	1.0	0.0	0.0	0.0	0.0	0.0	
present	0.0	0.0	0.0	0.0	0.0	1.0	0.0	
organised	0.0	0.0	1.0	0.0	0.0	0.0	0.0	
corinii	0.0	1.0	0.0	0.0	0.0	0.0	0.0	
Grange	0.0	0.3333333333333333	0.0	0.0	0.0	0.6666666666666666	0.0	
Bend	0.0	0.0	0.0	0.0	0.0	1.0	0.0	
ask	0.0	0.0	1.0	0.0	0.0	0.0	0.0	
broadcasts	0.0	0.3333333333333333	0.0	0.0	0.0	0.6666666666666666	0.0	
smell	0.0	1.0	0.0	0.0	0.0	0.0	0.0	
might	0.0	0.0	1.0	0.0	0.0	0.0	0.0	
hesitate	0.0	0.0	1.0	0.0	0.0	0.0	0.0	
tomorrow	0.0	0.0	0.0	0.0	1.0	0.0	0.0	
pain	0.0	1.0	0.0	0.0	0.0	0.0	0.0	
finally	0.0	0.0	0.0	0.0	1.0	0.0	0.0	
Congratulations	0.0	1.0	0.0	0.0	0.0	0.0	0.0	
Social	0.0	0.0	0.0	1.0	0.0	0.0	0.0	
contact	0.0	0.4	0.6	0.0	0.0	0.0	0.0	
kind	0.0	0.8571428571428571	0.0	0.0	0.14285714285714285	0.0	0.0	
version	0.0	1.0	0.0	0.0	0.0	0.0	0.0	
Aids	0.0	1.0	0.0	0.0	0.0	0.0	0.0	
partnerships	0.0	1.0	0.0	0.0	0.0	0.0	0.0	
possessions	0.0	1.0	0.0	0.0	0.0	0.0	0.0	
Monitor	0.0	0.0	0.0	0.0	0.0	1.0	0.0	
tendency	0.0	1.0	0.0	0.0	0.0	0.0	0.0	
money	0.0	1.0	0.0	0.0	0.0	0.0	0.0	
NAPP	0.0	1.0	0.0	0.0	0.0	0.0	0.0	
surviving	0.0	0.0	0.6666666666666666	0.0	0.0	0.3333333333333333	0.0	
SPONSORED	0.0	0.0	0.0	1.0	0.0	0.0	0.0	
RAMBLE	0.0	0.0	0.0	0.0	0.0	1.0	0.0	
figured	0.0	0.0	1.0	0.0	0.0	0.0	0.0	
prefatory	0.0	0.0	0.0	1.0	0.0	0.0	0.0	
hut	0.0	1.0	0.0	0.0	0.0	0.0	0.0	
Ruchill	0.0	0.0	0.0	0.0	0.0	1.0	0.0	
speaker	0.0	1.0	0.0	0.0	0.0	0.0	0.0	
gangs	0.0	1.0	0.0	0.0	0.0	0.0	0.0	
BBC1	0.0	1.0	0.0	0.0	0.0	0.0	0.0	
figures	0.0	1.0	0.0	0.0	0.0	0.0	0.0	
should	0.0	0.0	1.0	0.0	0.0	0.0	0.0	
valuable	0.0	0.0	0.0	1.0	0.0	0.0	0.0	
stones	0.0	1.0	0.0	0.0	0.0	0.0	0.0	
belonged	0.0	0.0	1.0	0.0	0.0	0.0	0.0	
ten	0.0	0.0	0.0	0.0	0.0	1.0	0.0	
diagnoses	0.0	0.5	0.0	0.0	0.0	0.5	0.0	
Ferguson	0.0	1.0	0.0	0.0	0.0	0.0	0.0	
Area	0.0	1.0	0.0	0.0	0.0	0.0	0.0	
What	0.0	0.0	0.0	0.0	0.0	1.0	0.0	
little	0.0	0.0	0.0	0.0	0.0	1.0	0.0	
show	0.0	1.0	0.0	0.0	0.0	0.0	0.0	
alive	0.0	0.0	0.0	1.0	0.0	0.0	0.0	
charity	0.0	1.0	0.0	0.0	0.0	0.0	0.0	
shot	0.0	0.0	1.0	0.0	0.0	0.0	0.0	
impact	0.0	1.0	0.0	0.0	0.0	0.0	0.0	
Kent	0.0	1.0	0.0	0.0	0.0	0.0	0.0	
woman	0.0	1.0	0.0	0.0	0.0	0.0	0.0	
Koop	0.0	0.0	1.0	0.0	0.0	0.0	0.0	
diagnosed	0.0	0.0	0.6	0.0	0.0	0.4	0.0	
power	0.0	1.0	0.0	0.0	0.0	0.0	0.0	
rings	0.0	0.0	1.0	0.0	0.0	0.0	0.0	
systems	0.0	1.0	0.0	0.0	0.0	0.0	0.0	
consideration	0.0	1.0	0.0	0.0	0.0	0.0	0.0	
Deputy	0.0	1.0	0.0	0.0	0.0	0.0	0.0	
himself	0.0	1.0	0.0	0.0	0.0	0.0	0.0	
denominations	0.0	1.0	0.0	0.0	0.0	0.0	0.0	
importance	0.0	1.0	0.0	0.0	0.0	0.0	0.0	
Freitas	0.0	1.0	0.0	0.0	0.0	0.0	0.0	
latterly	0.0	0.0	0.0	0.0	1.0	0.0	0.0	
perhaps	0.0	0.0	0.0	0.0	1.0	0.0	0.0	
other	0.0	0.05263157894736842	0.0	0.9473684210526315	0.0	0.0	0.0	
have	0.0	0.0	1.0	0.0	0.0	0.0	0.0	
specific	0.0	0.0	0.0	1.0	0.0	0.0	0.0	
direction	0.0	1.0	0.0	0.0	0.0	0.0	0.0	
Chinese	0.0	0.0	0.0	1.0	0.0	0.0	0.0	
Negro	0.0	1.0	0.0	0.0	0.0	0.0	0.0	
Specialist	0.0	0.0	0.0	0.0	0.0	1.0	0.0	
share	0.0	0.0	1.0	0.0	0.0	0.0	0.0	
girl	0.0	1.0	0.0	0.0	0.0	0.0	0.0	
fireproof	0.0	0.0	1.0	0.0	0.0	0.0	0.0	
Support	0.0	0.0	0.0	0.0	0.0	1.0	0.0	
die	0.0	0.0	1.0	0.0	0.0	0.0	0.0	
How	0.0	0.0	0.0	0.0	1.0	0.0	0.0	
RUN	0.0	1.0	0.0	0.0	0.0	0.0	0.0	
urgent	0.0	0.0	0.0	1.0	0.0	0.0	0.0	
nearly	0.0	0.0	0.0	0.0	1.0	0.0	0.0	
strategy	0.0	1.0	0.0	0.0	0.0	0.0	0.0	
the	0.0	0.0	0.0	0.0	0.0	1.0	0.0	
women	0.0	1.0	0.0	0.0	0.0	0.0	0.0	
shock	0.0	1.0	0.0	0.0	0.0	0.0	0.0	
vitally	0.0	0.0	0.0	0.0	1.0	0.0	0.0	
governments	0.0	1.0	0.0	0.0	0.0	0.0	0.0	
summed	0.0	0.0	1.0	0.0	0.0	0.0	0.0	
guarantee	0.0	0.5	0.5	0.0	0.0	0.0	0.0	
daughters	0.0	1.0	0.0	0.0	0.0	0.0	0.0	
Care	0.0	0.0	0.0	0.0	0.0	1.0	0.0	
